  Atom           S          P          D          F        Total
      1    C  3.2661352  3.1501677  0.0043204  0.0000000  6.4206233
      2    H  0.8308913  0.0132306  0.0000000  0.0000000  0.8441219
      3    H  0.8607313  0.0113477  0.0000000  0.0000000  0.8720790
      4    C  3.1721103  2.7715075  0.0123082  0.0000000  5.9559260
      5    C  3.2041639  2.9166108  0.0045252  0.0000000  6.1253000
      6    H  0.9227709  0.0126315  0.0000000  0.0000000  0.9354023
      7    C  3.2254874  2.8992291  0.0049841  0.0000000  6.1297005
      8    H  0.8871939  0.0127094  0.0000000  0.0000000  0.8999033
      9    C  3.2069436  2.8696818  0.0051153  0.0000000  6.0817408
     10    H  0.8417494  0.0128830  0.0000000  0.0000000  0.8546324
     11    C  3.2268934  2.8818077  0.0053139  0.0000000  6.1140149
     12    H  0.8472188  0.0117798  0.0000000  0.0000000  0.8589986
     13    C  3.2135409  2.9121804  0.0051787  0.0000000  6.1308999
     14    H  0.8492731  0.0116017  0.0000000  0.0000000  0.8608748
     15    C  3.0534895  2.5380150  0.0653668  0.0000000  5.6568713
     16    O  3.9098440  4.6604467 -0.0079241  0.0000000  8.5623666
     17    N  3.5660823  3.8788069 -0.0053058  0.0000000  7.4395834
     18    H  0.6470986  0.0259644  0.0000000  0.0000000  0.6730630
     19    C  3.2428735  2.8165087  0.0277951  0.0000000  6.0871772
     20    H  0.8344329  0.0123346  0.0000000  0.0000000  0.8467675
     21    C  3.2956240  2.9458327  0.0074328  0.0000000  6.2488895
     22    H  0.8378601  0.0111743  0.0000000  0.0000000  0.8490344
     23    H  0.8142320  0.0108807  0.0000000  0.0000000  0.8251127
     24    C  3.2573770  3.0472411  0.0098352  0.0000000  6.3144534
     25    H  0.8294499  0.0121063  0.0000000  0.0000000  0.8415562
     26    H  0.8389642  0.0126846  0.0000000  0.0000000  0.8516488
     27    C  3.0187883  2.4246207  0.0758553  0.0000000  5.5192643
     28    O  3.9219400  4.6378450 -0.0103970  0.0000000  8.5493880
     29    N  3.6227210  4.0017781 -0.0153455  0.0000000  7.6091535
     30    H  0.6628852  0.0265574  0.0000000  0.0000000  0.6894426
     31    H  0.6802048  0.0275016  0.0000000  0.0000000  0.7077065
     32    C  2.9952119  2.3981125  0.0776558  0.0000000  5.4709802
     33    O  3.9451942  4.5656509 -0.0085069  0.0000000  8.5023382
     34    N  3.6084433  3.8808631 -0.0048679  0.0000000  7.4844385
     35    H  0.6411100  0.0253582  0.0000000  0.0000000  0.6664682
     36    C  3.2469206  2.7937433  0.0271040  0.0000000  6.0677680
     37    H  0.8264601  0.0131203  0.0000000  0.0000000  0.8395804
     38    C  3.1773470  2.6811355  0.0438824  0.0000000  5.9023648
     39    H  0.8467692  0.0119761  0.0000000  0.0000000  0.8587453
     40    C  3.2748120  3.0942070  0.0020511  0.0000000  6.3710701
     41    H  0.8538638  0.0129685  0.0000000  0.0000000  0.8668323
     42    H  0.8668743  0.0120068  0.0000000  0.0000000  0.8788811
     43    H  0.8666347  0.0111727  0.0000000  0.0000000  0.8778075
     44    O  3.8785650  4.7200525 -0.0032652  0.0000000  8.5953523
     45    H  0.5736705  0.0387743  0.0000000  0.0000000  0.6124448
     46    C  3.0145395  2.3665763  0.0682650  0.0000000  5.4493807
     47    O  3.9563588  4.6281572 -0.0124281  0.0000000  8.5720880
     48    N  3.5997303  3.8990626 -0.0040953  0.0000000  7.4946976
     49    H  0.6663808  0.0280085  0.0000000  0.0000000  0.6943893
     50    C  3.2407679  2.9143707  0.0225436  0.0000000  6.1776822
     51    H  0.8705303  0.0113157  0.0000000  0.0000000  0.8818460
     52    C  3.2796491  3.1093469  0.0027098  0.0000000  6.3917058
     53    H  0.8693070  0.0113812  0.0000000  0.0000000  0.8806883
     54    H  0.8732771  0.0122334  0.0000000  0.0000000  0.8855105
     55    H  0.8742727  0.0112022  0.0000000  0.0000000  0.8854749
     56    C  3.2513875  3.1081573  0.0031419  0.0000000  6.3626867
     57    H  0.8104873  0.0124243  0.0000000  0.0000000  0.8229116
     58    H  0.8882232  0.0113967  0.0000000  0.0000000  0.8996199
     59    C  3.2473336  2.8563305  0.0177595  0.0000000  6.1214236
     60    H  0.8683334  0.0116461  0.0000000  0.0000000  0.8799796
     61    C  3.2634851  3.0836587  0.0031181  0.0000000  6.3502619
     62    H  0.8608292  0.0118518  0.0000000  0.0000000  0.8726809
     63    H  0.9165978  0.0108549  0.0000000  0.0000000  0.9274528
     64    H  0.8631540  0.0114853  0.0000000  0.0000000  0.8746393
     65    C  3.2638402  3.0979119  0.0012230  0.0000000  6.3629751
     66    H  0.8640126  0.0124315  0.0000000  0.0000000  0.8764442
     67    H  0.8726974  0.0123613  0.0000000  0.0000000  0.8850587
     68    H  0.8180173  0.0131426  0.0000000  0.0000000  0.8311599
     69    C  3.0528534  2.5367597  0.0667648  0.0000000  5.6563780
     70    O  3.9259957  4.5589382 -0.0044097  0.0000000  8.4805242
     71    N  3.5877994  3.8746171 -0.0027043  0.0000000  7.4597122
     72    H  0.6609430  0.0250718  0.0000000  0.0000000  0.6860148
     73    C  3.2512822  2.7976585  0.0291863  0.0000000  6.0781270
     74    H  0.8399292  0.0115781  0.0000000  0.0000000  0.8515073
     75    C  3.2253918  2.7521252  0.0357984  0.0000000  6.0133153
     76    H  0.8369567  0.0109992  0.0000000  0.0000000  0.8479559
     77    H  0.8470502  0.0098223  0.0000000  0.0000000  0.8568725
     78    O  3.8692205  4.7479442 -0.0025585  0.0000000  8.6146062
     79    H  0.6132819  0.0409362  0.0000000  0.0000000  0.6542181
     80    C  3.0077013  2.3539795  0.0743855  0.0000000  5.4360663
     81    O  3.9483992  4.5731029 -0.0090541  0.0000000  8.5124480
     82    N  3.6000900  3.8531026  0.0069094  0.0000000  7.4601020
     83    C  3.1967468  2.8451988  0.0278190  0.0000000  6.0697645
     84    H  0.8700669  0.0120615  0.0000000  0.0000000  0.8821284
     85    H  0.8470374  0.0112803  0.0000000  0.0000000  0.8583177
     86    C  3.3009721  2.9523848  0.0082135  0.0000000  6.2615704
     87    H  0.8468086  0.0121947  0.0000000  0.0000000  0.8590033
     88    H  0.8005447  0.0113153  0.0000000  0.0000000  0.8118600
     89    C  3.2478217  3.0212502  0.0101088  0.0000000  6.2791807
     90    H  0.8620057  0.0134484  0.0000000  0.0000000  0.8754542
     91    H  0.8274137  0.0122514  0.0000000  0.0000000  0.8396651
     92    C  3.2173244  2.7785672  0.0317117  0.0000000  6.0276033
     93    H  0.7819540  0.0113893  0.0000000  0.0000000  0.7933433
     94    C  2.9747553  2.3542187  0.0779549  0.0000000  5.4069289
     95    O  3.9428533  4.5938357 -0.0085384  0.0000000  8.5281506
     96    N  3.6081177  3.9288676 -0.0060043  0.0000000  7.5309810
     97    H  0.6773517  0.0283160  0.0000000  0.0000000  0.7056677
     98    C  3.2475262  2.8017640  0.0284334  0.0000000  6.0777236
     99    H  0.8038958  0.0128828  0.0000000  0.0000000  0.8167786
    100    C  3.2229647  2.9941651  0.0104432  0.0000000  6.2275730
    101    H  0.8562567  0.0126087  0.0000000  0.0000000  0.8688654
    102    H  0.8455854  0.0131275  0.0000000  0.0000000  0.8587129
    103    C  3.2646211  3.0393530  0.0095182  0.0000000  6.3134923
    104    H  0.8237732  0.0122775  0.0000000  0.0000000  0.8360508
    105    H  0.8344057  0.0123039  0.0000000  0.0000000  0.8467096
    106    C  3.0244854  2.3778442  0.0732116  0.0000000  5.4755413
    107    O  3.9504991  4.5727774 -0.0079881  0.0000000  8.5152883
    108    N  3.5609157  4.0268252 -0.0130676  0.0000000  7.5746733
    109    H  0.6531760  0.0250859  0.0000000  0.0000000  0.6782618
    110    H  0.6925955  0.0280885  0.0000000  0.0000000  0.7206840
    111    C  2.9935235  2.3588554  0.0780716  0.0000000  5.4304506
    112    O  3.9409608  4.5529489 -0.0071373  0.0000000  8.4867724
    113    N  3.5854645  3.9135570 -0.0040762  0.0000000  7.4949453
    114    H  0.6758763  0.0269694  0.0000000  0.0000000  0.7028457
    115    C  3.2027787  2.7908853  0.0343467  0.0000000  6.0280107
    116    H  0.8208647  0.0114848  0.0000000  0.0000000  0.8323495
    117    C  3.2768005  3.0389343  0.0109350  0.0000000  6.3266697
    118    H  0.8520950  0.0114493  0.0000000  0.0000000  0.8635442
    119    H  0.8228493  0.0119387  0.0000000  0.0000000  0.8347880
    120    C  3.1700864  2.7349160  0.0109800  0.0000000  5.9159824
    121    C  3.2028752  2.9004199  0.0042953  0.0000000  6.1075904
    122    H  0.9027031  0.0138693  0.0000000  0.0000000  0.9165724
    123    C  3.2103827  2.8791595  0.0047841  0.0000000  6.0943264
    124    H  0.8708767  0.0128977  0.0000000  0.0000000  0.8837743
    125    C  3.2131025  2.9036416  0.0044942  0.0000000  6.1212383
    126    H  0.8674202  0.0121485  0.0000000  0.0000000  0.8795687
    127    C  3.2265827  2.8840866  0.0040609  0.0000000  6.1147302
    128    H  0.8947239  0.0120996  0.0000000  0.0000000  0.9068235
    129    C  3.2421631  2.9154088  0.0034705  0.0000000  6.1610424
    130    H  0.8490513  0.0118568  0.0000000  0.0000000  0.8609081
    131    C  3.0542008  2.3685642  0.0716322  0.0000000  5.4943973
    132    O  3.9525067  4.4882581 -0.0050827  0.0000000  8.4356821
    133    N  3.7292507  3.7427087 -0.0116667  0.0000000  7.4602926
    134    C  3.2008793  2.5660481  0.0344240  0.0000000  5.8013514
    135    C  3.2808750  3.0034528  0.0090017  0.0000000  6.2933294
    136    C  3.3277084  3.0555658  0.0136866  0.0000000  6.3969608
    137    S  5.8565245 10.0379237  0.0478421  0.0000000 15.9422902
    138    C  3.3835604  3.1304730  0.0026755  0.0000000  6.5167089
    139    H  0.8456203  0.0106792  0.0000000  0.0000000  0.8562995
    140    H  0.7929462  0.0113749  0.0000000  0.0000000  0.8043210
    141    H  0.8139511  0.0117927  0.0000000  0.0000000  0.8257437
    142    H  0.8417327  0.0122369  0.0000000  0.0000000  0.8539696
    143    H  0.7653268  0.0126126  0.0000000  0.0000000  0.7779394
    144    H  0.7676141  0.0118545  0.0000000  0.0000000  0.7794686
    145    H  0.8395870  0.0118506  0.0000000  0.0000000  0.8514375
    146    C  2.9838047  2.4765120  0.0476219  0.0000000  5.5079386
    147    N  3.8669892  3.6107892 -0.0019904  0.0000000  7.4757881
    148    C  3.1128821  2.7473726  0.0284518  0.0000000  5.8887065
    149    C  3.3050146  2.9081071  0.0051116  0.0000000  6.2182333
    150    C  3.1761587  2.7707346  0.0118335  0.0000000  5.9587268
    151    C  3.2315506  2.9044436  0.0075084  0.0000000  6.1435027
    152    C  3.2224562  2.9250173  0.0036645  0.0000000  6.1511381
    153    C  3.1669873  2.4316015  0.0479701  0.0000000  5.6465589
    154    C  3.2543428  2.8952594  0.0026025  0.0000000  6.1522047
    155    C  3.2857634  2.8944554  0.0038743  0.0000000  6.1840931
    156    H  0.8219270  0.0115564  0.0000000  0.0000000  0.8334834
    157    H  0.8302282  0.0128396  0.0000000  0.0000000  0.8430678
    158    O  3.9826454  4.6322872 -0.0145619  0.0000000  8.6003707
    159    H  0.8526253  0.0136086  0.0000000  0.0000000  0.8662339
    160    H  0.8801055  0.0102363  0.0000000  0.0000000  0.8903418
    161    H  0.8755873  0.0119859  0.0000000  0.0000000  0.8875731
    162    C  2.9732670  2.3491493  0.0727922  0.0000000  5.3952085
    163    O  3.9904310  4.6370697 -0.0144088  0.0000000  8.6130920
    164    N  3.6560973  3.8662640  0.0100673  0.0000000  7.5324286
    165    C  3.2829170  2.9035189  0.0239061  0.0000000  6.2103420
    166    C  3.0017380  2.3525817  0.0715969  0.0000000  5.4259166
    167    O  3.9635000  4.5787109 -0.0091867  0.0000000  8.5330242
    168    H  0.8104216  0.0122132  0.0000000  0.0000000  0.8226347
    169    H  0.8176446  0.0112931  0.0000000  0.0000000  0.8289377
    170    N  3.6094940  3.8876938 -0.0046477  0.0000000  7.4925400
    171    H  0.6494153  0.0271216  0.0000000  0.0000000  0.6765369
    172    C  3.2692665  2.8087004  0.0293025  0.0000000  6.1072693
    173    H  0.8099090  0.0106719  0.0000000  0.0000000  0.8205809
    174    C  3.1780371  2.7691051  0.0385630  0.0000000  5.9857052
    175    H  0.8620672  0.0104121  0.0000000  0.0000000  0.8724793
    176    H  0.8558761  0.0113616  0.0000000  0.0000000  0.8672377
    177    O  3.8509039  4.6808614 -0.0000869  0.0000000  8.5316784
    178    H  0.6395909  0.0395090  0.0000000  0.0000000  0.6791000
    179    C  2.9944624  2.3898207  0.0721930  0.0000000  5.4564761
    180    O  3.9331659  4.6150008 -0.0095855  0.0000000  8.5385811
    181    N  3.6039342  3.9153088 -0.0029571  0.0000000  7.5162859
    182    H  0.6813968  0.0268469  0.0000000  0.0000000  0.7082437
    183    C  3.2340918  2.8971213  0.0215986  0.0000000  6.1528118
    184    H  0.8602378  0.0120424  0.0000000  0.0000000  0.8722801
    185    C  3.2910974  2.9712800  0.0096075  0.0000000  6.2719848
    186    H  0.9040006  0.0110259  0.0000000  0.0000000  0.9150265
    187    H  0.8295256  0.0117002  0.0000000  0.0000000  0.8412258
    188    C  3.2521988  2.9704184  0.0100311  0.0000000  6.2326483
    189    H  0.8567634  0.0126755  0.0000000  0.0000000  0.8694389
    190    H  0.8876019  0.0098840  0.0000000  0.0000000  0.8974859
    191    C  3.2737109  2.9580340  0.0091245  0.0000000  6.2408694
    192    H  0.8281412  0.0118745  0.0000000  0.0000000  0.8400157
    193    H  0.8304944  0.0105877  0.0000000  0.0000000  0.8410821
    194    C  3.2601989  2.9228330  0.0224153  0.0000000  6.2054472
    195    H  0.8165423  0.0119948  0.0000000  0.0000000  0.8285371
    196    H  0.8366822  0.0108886  0.0000000  0.0000000  0.8475707
    197    N  3.6183219  3.9453117 -0.0132572  0.0000000  7.5503764
    198    H  0.6128626  0.0269035  0.0000000  0.0000000  0.6397661
    199    H  0.6069650  0.0292255  0.0000000  0.0000000  0.6361904
    200    H  0.6427962  0.0259318  0.0000000  0.0000000  0.6687279
    201    C  3.2537714  3.1564096  0.0047465  0.0000000  6.4149275
    202    H  0.8486998  0.0109059  0.0000000  0.0000000  0.8596057
    203    H  0.8271476  0.0122079  0.0000000  0.0000000  0.8393555
    204    C  3.1580774  2.7598637  0.0125410  0.0000000  5.9304822
    205    C  3.2119841  2.9310057  0.0044389  0.0000000  6.1474287
    206    H  0.9028244  0.0130370  0.0000000  0.0000000  0.9158614
    207    C  3.2308456  2.8660112  0.0037356  0.0000000  6.1005925
    208    H  0.8567747  0.0132542  0.0000000  0.0000000  0.8700289
    209    C  3.2451443  2.8689376  0.0043335  0.0000000  6.1184155
    210    H  0.8625369  0.0117608  0.0000000  0.0000000  0.8742977
    211    C  3.2084903  2.8710918  0.0051150  0.0000000  6.0846971
    212    H  0.8803845  0.0125669  0.0000000  0.0000000  0.8929514
    213    C  3.2136395  2.9213190  0.0048690  0.0000000  6.1398275
    214    H  0.8690347  0.0121390  0.0000000  0.0000000  0.8811737
    215    C  3.2546221  3.1630663  0.0056401  0.0000000  6.4233285
    216    H  0.8473455  0.0121066  0.0000000  0.0000000  0.8594521
    217    H  0.8376962  0.0113160  0.0000000  0.0000000  0.8490123
    218    C  3.1426850  2.8244911  0.0161171  0.0000000  5.9832933
    219    C  3.1217680  2.7830152  0.0204291  0.0000000  5.9252123
    220    H  0.8479489  0.0134430  0.0000000  0.0000000  0.8613919
    221    N  3.7089943  3.9163374 -0.0005693  0.0000000  7.6247624
    222    H  0.6651738  0.0275667  0.0000000  0.0000000  0.6927405
    223    C  3.0955112  2.6037047  0.0281899  0.0000000  5.7274058
    224    C  3.2152371  2.9162005  0.0046031  0.0000000  6.1360408
    225    H  0.8555064  0.0128352  0.0000000  0.0000000  0.8683417
    226    C  3.2423768  2.8910982  0.0048290  0.0000000  6.1383040
    227    H  0.8696476  0.0120166  0.0000000  0.0000000  0.8816642
    228    C  3.2199642  2.9289446  0.0044519  0.0000000  6.1533607
    229    H  0.9092455  0.0114068  0.0000000  0.0000000  0.9206523
    230    C  3.2222581  2.9404486  0.0054566  0.0000000  6.1681633
    231    H  0.9240308  0.0126459  0.0000000  0.0000000  0.9366768
    232    C  3.1545429  2.7894955  0.0152378  0.0000000  5.9592761
    233    C  3.2980485  3.0376501  0.0017159  0.0000000  6.3374145
    234    H  0.8156015  0.0112249  0.0000000  0.0000000  0.8268264
    235    H  0.8172978  0.0106557  0.0000000  0.0000000  0.8279535
    236    C  3.2544625  3.0297020  0.0107484  0.0000000  6.2949129
    237    H  0.8534034  0.0127468  0.0000000  0.0000000  0.8661501
    238    H  0.8327158  0.0105284  0.0000000  0.0000000  0.8432442
    239    C  3.1998163  2.8552828  0.0266442  0.0000000  6.0817433
    240    H  0.8470926  0.0112225  0.0000000  0.0000000  0.8583151
    241    H  0.8485897  0.0106419  0.0000000  0.0000000  0.8592316
    242    N  3.6011752  3.9782309 -0.0016691  0.0000000  7.5777369
    243    H  0.6326984  0.0259878  0.0000000  0.0000000  0.6586862
    244    C  2.8833937  2.2629484  0.0746688  0.0000000  5.2210109
    245    N  3.6387761  4.0166044 -0.0156772  0.0000000  7.6397033
    246    H  0.6566825  0.0274879  0.0000000  0.0000000  0.6841704
    247    H  0.6299358  0.0249420  0.0000000  0.0000000  0.6548778
    248    N  3.6345364  4.0211199 -0.0140425  0.0000000  7.6416138
    249    H  0.6565508  0.0256282  0.0000000  0.0000000  0.6821790
    250    H  0.6096238  0.0279356  0.0000000  0.0000000  0.6375594
    251    C  3.2776147  3.0932115  0.0021994  0.0000000  6.3730256
    252    H  0.8399713  0.0121019  0.0000000  0.0000000  0.8520732
    253    H  0.8088967  0.0138918  0.0000000  0.0000000  0.8227885
    254    C  3.2696806  3.0194101  0.0112724  0.0000000  6.3003632
    255    H  0.8344942  0.0113733  0.0000000  0.0000000  0.8458676
    256    H  0.8696734  0.0112638  0.0000000  0.0000000  0.8809373
    257    C  3.0062543  2.4175346  0.0778078  0.0000000  5.5015967
    258    O  3.9273647  4.5634110 -0.0054142  0.0000000  8.4853615
    259    N  3.5667289  4.0288998 -0.0130684  0.0000000  7.5825603
    260    H  0.7098867  0.0250911  0.0000000  0.0000000  0.7349778
    261    H  0.6708208  0.0259091  0.0000000  0.0000000  0.6967299
    262    C  3.1034185  2.5358964  0.0590932  0.0000000  5.6984081
    263    O  3.9359982  4.5981270 -0.0073072  0.0000000  8.5268180
    264    N  3.5665013  3.9043864 -0.0022597  0.0000000  7.4686280
    265    H  0.6312760  0.0254396  0.0000000  0.0000000  0.6567156
    266    C  3.2147105  2.8096513  0.0305757  0.0000000  6.0549375
    267    H  0.8327960  0.0119495  0.0000000  0.0000000  0.8447455
    268    C  3.2702295  2.9743142  0.0103465  0.0000000  6.2548901
    269    H  0.8842153  0.0105526  0.0000000  0.0000000  0.8947680
    270    H  0.8376503  0.0111658  0.0000000  0.0000000  0.8488160
    271    C  3.2751021  3.0218681  0.0096164  0.0000000  6.3065867
    272    H  0.8953379  0.0111958  0.0000000  0.0000000  0.9065338
    273    H  0.8400456  0.0114737  0.0000000  0.0000000  0.8515192
    274    C  3.0208466  2.3330074  0.0853143  0.0000000  5.4391683
    275    O  3.9304808  4.8688539 -0.0254734  0.0000000  8.7738613
    276    O  3.8905843  4.7712168 -0.0162451  0.0000000  8.6455560
    277    C  3.0271840  2.3412701  0.0703362  0.0000000  5.4387902
    278    O  3.9417636  4.6479794 -0.0132472  0.0000000  8.5764958
    279    N  3.5890244  3.8971393 -0.0048456  0.0000000  7.4813180
    280    H  0.6912375  0.0306292  0.0000000  0.0000000  0.7218666
    281    C  3.1643041  2.8238156  0.0342610  0.0000000  6.0223808
    282    H  0.8276258  0.0131509  0.0000000  0.0000000  0.8407767
    283    C  3.3042780  3.0841955  0.0032847  0.0000000  6.3917582
    284    H  0.8662491  0.0110621  0.0000000  0.0000000  0.8773112
    285    H  0.8623900  0.0111173  0.0000000  0.0000000  0.8735073
    286    H  0.8310785  0.0116320  0.0000000  0.0000000  0.8427105
    287    C  3.0392602  2.3247302  0.0689609  0.0000000  5.4329513
    288    O  3.9113218  4.7374141 -0.0151016  0.0000000  8.6336343
    289    N  3.6468407  3.8860797 -0.0042371  0.0000000  7.5286833
    290    H  0.6278469  0.0262723  0.0000000  0.0000000  0.6541192
    291    C  3.2562912  2.9072757  0.0193866  0.0000000  6.1829535
    292    H  0.8520622  0.0122717  0.0000000  0.0000000  0.8643339
    293    C  3.3474316  3.0397108  0.0135289  0.0000000  6.4006714
    294    H  0.8174083  0.0107675  0.0000000  0.0000000  0.8281758
    295    H  0.7796635  0.0128601  0.0000000  0.0000000  0.7925237
    296    S  5.8701956 10.2802310  0.0398394  0.0000000 16.1902661
    297    H  0.8425203  0.0156689  0.0000000  0.0000000  0.8581891
    298    C  3.2608099  3.1443736  0.0035670  0.0000000  6.4087505
    299    H  0.8430008  0.0125529  0.0000000  0.0000000  0.8555538
    300    H  0.8263908  0.0106008  0.0000000  0.0000000  0.8369916
    301    C  3.3139985  3.0375525  0.0156666  0.0000000  6.3672176
    302    H  0.8283191  0.0118978  0.0000000  0.0000000  0.8402169
    303    H  0.8275246  0.0116779  0.0000000  0.0000000  0.8392025
    304    S  5.8411823  9.9578692  0.0523868  0.0000000 15.8514383
    305    C  3.3621831  3.1777284  0.0081643  0.0000000  6.5480758
    306    H  0.8545218  0.0105302  0.0000000  0.0000000  0.8650520
    307    H  0.8319170  0.0115654  0.0000000  0.0000000  0.8434824
    308    H  0.7978892  0.0111308  0.0000000  0.0000000  0.8090200
    309    C  3.2704046  3.1022489  0.0021923  0.0000000  6.3748458
    310    H  0.8441918  0.0114968  0.0000000  0.0000000  0.8556887
    311    H  0.8294566  0.0115419  0.0000000  0.0000000  0.8409985
    312    C  3.3196269  3.0643915  0.0146049  0.0000000  6.3986233
    313    H  0.7887906  0.0131314  0.0000000  0.0000000  0.8019220
    314    H  0.8551633  0.0119544  0.0000000  0.0000000  0.8671177
    315    S  5.8288196 10.0657671  0.0562422  0.0000000 15.9508289
    316    C  3.3355174  3.1925695  0.0079442  0.0000000  6.5360311
    317    H  0.7927203  0.0130000  0.0000000  0.0000000  0.8057203
    318    H  0.8241844  0.0119920  0.0000000  0.0000000  0.8361764
    319    H  0.8183855  0.0124012  0.0000000  0.0000000  0.8307867
    320    C  3.2479034  3.1775633  0.0054940  0.0000000  6.4309607
    321    H  0.8477888  0.0115836  0.0000000  0.0000000  0.8593724
    322    H  0.8607545  0.0109550  0.0000000  0.0000000  0.8717094
    323    C  3.1475623  2.7562294  0.0117274  0.0000000  5.9155191
    324    C  3.2345713  2.9087647  0.0054685  0.0000000  6.1488045
    325    H  0.9040801  0.0118365  0.0000000  0.0000000  0.9159166
    326    C  3.1899052  2.9162303  0.0038079  0.0000000  6.1099434
    327    H  0.8553767  0.0140142  0.0000000  0.0000000  0.8693909
    328    C  3.0883023  2.5450994  0.0429010  0.0000000  5.6763027
    329    O  3.8745557  4.7133848 -0.0017264  0.0000000  8.5862141
    330    H  0.5264495  0.0386829  0.0000000  0.0000000  0.5651324
    331    C  3.2203827  2.9548444  0.0048595  0.0000000  6.1800866
    332    H  0.8564892  0.0105515  0.0000000  0.0000000  0.8670407
    333    C  3.2358020  2.9253289  0.0042996  0.0000000  6.1654305
    334    H  0.8678249  0.0123593  0.0000000  0.0000000  0.8801842
    335    C  3.0445151  2.5633982  0.0729520  0.0000000  5.6808652
    336    O  3.8823760  4.5961498 -0.0022707  0.0000000  8.4762551
    337    N  3.5527465  3.9013918 -0.0025266  0.0000000  7.4516117
    338    H  0.6360322  0.0264693  0.0000000  0.0000000  0.6625015
    339    C  3.2394468  2.7998564  0.0304539  0.0000000  6.0697571
    340    H  0.7960014  0.0114019  0.0000000  0.0000000  0.8074034
    341    C  3.1542060  2.6665657  0.0503952  0.0000000  5.8711669
    342    H  0.8919210  0.0110075  0.0000000  0.0000000  0.9029285
    343    C  3.2478801  3.1123346  0.0020217  0.0000000  6.3622364
    344    H  0.8643787  0.0110113  0.0000000  0.0000000  0.8753899
    345    H  0.9065286  0.0122883  0.0000000  0.0000000  0.9188169
    346    H  0.8276791  0.0139214  0.0000000  0.0000000  0.8416005
    347    O  3.8703986  4.6648223 -0.0032655  0.0000000  8.5319554
    348    H  0.6220529  0.0427029  0.0000000  0.0000000  0.6647557
    349    C  3.0559414  2.3368693  0.0684702  0.0000000  5.4612808
    350    O  3.9507330  4.6531871 -0.0127251  0.0000000  8.5911950
    351    N  3.6043909  3.8795191 -0.0043356  0.0000000  7.4795743
    352    H  0.6571252  0.0265834  0.0000000  0.0000000  0.6837086
    353    C  3.2392955  2.8175567  0.0353218  0.0000000  6.0921741
    354    H  0.8278052  0.0109014  0.0000000  0.0000000  0.8387065
    355    C  3.2456912  2.9734533  0.0106808  0.0000000  6.2298253
    356    H  0.8211744  0.0114723  0.0000000  0.0000000  0.8326467
    357    H  0.8444989  0.0116416  0.0000000  0.0000000  0.8561405
    358    C  3.2293794  2.9842380  0.0120692  0.0000000  6.2256866
    359    H  0.8615074  0.0135394  0.0000000  0.0000000  0.8750469
    360    H  0.8616590  0.0110726  0.0000000  0.0000000  0.8727316
    361    C  3.2651500  2.9793064  0.0104091  0.0000000  6.2548655
    362    H  0.7990534  0.0108070  0.0000000  0.0000000  0.8098604
    363    H  0.8471953  0.0124213  0.0000000  0.0000000  0.8596166
    364    C  3.2812229  2.8731317  0.0223904  0.0000000  6.1767450
    365    H  0.7727273  0.0109890  0.0000000  0.0000000  0.7837163
    366    H  0.7935731  0.0108768  0.0000000  0.0000000  0.8044498
    367    N  3.5921998  3.9680639 -0.0021137  0.0000000  7.5581500
    368    H  0.5854007  0.0237494  0.0000000  0.0000000  0.6091501
    369    H  0.5785202  0.0234735  0.0000000  0.0000000  0.6019938
    370    H  0.5905842  0.0246087  0.0000000  0.0000000  0.6151929
    371    C  3.0059991  2.3722977  0.0752742  0.0000000  5.4535710
    372    O  3.9459364  4.5877659 -0.0087707  0.0000000  8.5249316
    373    N  3.6148884  3.8928013 -0.0024303  0.0000000  7.5052594
    374    H  0.6562201  0.0245804  0.0000000  0.0000000  0.6808005
    375    C  3.2605750  2.9091787  0.0204883  0.0000000  6.1902421
    376    H  0.8508785  0.0117269  0.0000000  0.0000000  0.8626055
    377    C  3.2622920  2.9562014  0.0100085  0.0000000  6.2285018
    378    H  0.9002337  0.0112154  0.0000000  0.0000000  0.9114490
    379    H  0.8523449  0.0124114  0.0000000  0.0000000  0.8647563
    380    C  3.2457039  2.8577379  0.0176524  0.0000000  6.1210942
    381    H  0.8272491  0.0113911  0.0000000  0.0000000  0.8386402
    382    C  3.2442551  3.1191148  0.0025425  0.0000000  6.3659125
    383    H  0.8942599  0.0151733  0.0000000  0.0000000  0.9094333
    384    H  0.8688649  0.0116760  0.0000000  0.0000000  0.8805409
    385    H  0.8710991  0.0114146  0.0000000  0.0000000  0.8825137
    386    C  3.2723018  3.1095622  0.0021597  0.0000000  6.3840237
    387    H  0.9171668  0.0119457  0.0000000  0.0000000  0.9291125
    388    H  0.8549069  0.0124616  0.0000000  0.0000000  0.8673685
    389    H  0.8477263  0.0118354  0.0000000  0.0000000  0.8595617
    390    C  3.0792481  2.5273683  0.0611873  0.0000000  5.6678037
    391    O  3.9338220  4.6419862 -0.0091343  0.0000000  8.5666740
    392    N  3.5704519  3.8989343 -0.0020825  0.0000000  7.4673038
    393    H  0.6040410  0.0242638  0.0000000  0.0000000  0.6283048
    394    C  3.2503831  2.7617549  0.0281825  0.0000000  6.0403205
    395    H  0.8305974  0.0117542  0.0000000  0.0000000  0.8423516
    396    C  3.2553765  3.0069560  0.0109543  0.0000000  6.2732867
    397    H  0.8420875  0.0120367  0.0000000  0.0000000  0.8541243
    398    H  0.8024469  0.0124511  0.0000000  0.0000000  0.8148979
    399    C  3.2747020  3.0255010  0.0099881  0.0000000  6.3101912
    400    H  0.8025669  0.0111492  0.0000000  0.0000000  0.8137161
    401    H  0.8135016  0.0119821  0.0000000  0.0000000  0.8254837
    402    C  3.0185057  2.3562582  0.0758501  0.0000000  5.4506140
    403    O  3.9184135  4.6948291 -0.0090770  0.0000000  8.6041657
    404    N  3.5921169  3.9953801 -0.0182591  0.0000000  7.5692379
    405    H  0.6701240  0.0317975  0.0000000  0.0000000  0.7019215
    406    H  0.6863213  0.0274732  0.0000000  0.0000000  0.7137944
    407    C  3.0448920  2.3967479  0.0722373  0.0000000  5.5138772
    408    O  3.9436813  4.6222725 -0.0108245  0.0000000  8.5551292
    409    N  3.5809847  3.8854930 -0.0022170  0.0000000  7.4642607
    410    H  0.6043797  0.0243965  0.0000000  0.0000000  0.6287762
    411    C  3.1926472  2.8383798  0.0344900  0.0000000  6.0655170
    412    H  0.8237208  0.0131214  0.0000000  0.0000000  0.8368422
    413    C  3.2571982  3.0113994  0.0121877  0.0000000  6.2807852
    414    H  0.8660916  0.0120174  0.0000000  0.0000000  0.8781091
    415    H  0.8547192  0.0109955  0.0000000  0.0000000  0.8657147
    416    C  3.1529177  2.7715340  0.0124037  0.0000000  5.9368554
    417    C  3.2187114  2.8941274  0.0050151  0.0000000  6.1178539
    418    H  0.8395329  0.0125289  0.0000000  0.0000000  0.8520617
    419    C  3.2897564  2.9927608  0.0018464  0.0000000  6.2843635
    420    H  0.8373114  0.0113300  0.0000000  0.0000000  0.8486414
    421    C  3.1147492  2.5193108  0.0360826  0.0000000  5.6701426
    422    O  3.8964588  4.6729075  0.0010033  0.0000000  8.5703696
    423    H  0.5780786  0.0391750  0.0000000  0.0000000  0.6172536
    424    C  3.2169428  2.9655612  0.0047746  0.0000000  6.1872785
    425    H  0.8419892  0.0121953  0.0000000  0.0000000  0.8541845
    426    C  3.2272732  2.8939922  0.0065732  0.0000000  6.1278386
    427    H  0.8258574  0.0122730  0.0000000  0.0000000  0.8381304
    428    C  3.0139936  2.3622719  0.0691056  0.0000000  5.4453711
    429    O  3.9736412  4.5530249 -0.0106650  0.0000000  8.5160011
    430    N  3.6111878  3.9169332 -0.0044270  0.0000000  7.5236940
    431    H  0.6565867  0.0255841  0.0000000  0.0000000  0.6821708
    432    C  3.2519329  2.8309169  0.0330871  0.0000000  6.1159369
    433    H  0.7940407  0.0111738  0.0000000  0.0000000  0.8052145
    434    C  3.2662722  2.9263222  0.0089753  0.0000000  6.2015697
    435    H  0.8414595  0.0123484  0.0000000  0.0000000  0.8538080
    436    H  0.8714249  0.0111732  0.0000000  0.0000000  0.8825981
    437    C  3.2783010  3.0333944  0.0090467  0.0000000  6.3207422
    438    H  0.8274888  0.0133496  0.0000000  0.0000000  0.8408385
    439    H  0.8655617  0.0123553  0.0000000  0.0000000  0.8779170
    440    C  3.0399721  2.3445525  0.0898658  0.0000000  5.4743904
    441    O  3.9593266  4.6495136 -0.0137910  0.0000000  8.5950492
    442    O  3.9091557  4.6612156 -0.0103099  0.0000000  8.5600613
    443    C  2.9835649  2.3269441  0.0772734  0.0000000  5.3877825
    444    O  3.9191225  4.6727138 -0.0115499  0.0000000  8.5802864
    445    N  3.6281087  3.9002556 -0.0048363  0.0000000  7.5235279
    446    H  0.6439946  0.0254592  0.0000000  0.0000000  0.6694538
    447    C  3.2393589  2.8067062  0.0295437  0.0000000  6.0756087
    448    H  0.8293413  0.0103350  0.0000000  0.0000000  0.8396763
    449    C  3.2522416  2.9618419  0.0088734  0.0000000  6.2229569
    450    H  0.8506008  0.0121351  0.0000000  0.0000000  0.8627359
    451    H  0.8375986  0.0119976  0.0000000  0.0000000  0.8495962
    452    C  3.2616843  2.9891557  0.0096627  0.0000000  6.2605026
    453    H  0.7981687  0.0114919  0.0000000  0.0000000  0.8096607
    454    H  0.8382547  0.0111861  0.0000000  0.0000000  0.8494408
    455    C  3.2462224  2.8842145  0.0249291  0.0000000  6.1553661
    456    H  0.8429426  0.0110373  0.0000000  0.0000000  0.8539799
    457    H  0.8241859  0.0113012  0.0000000  0.0000000  0.8354871
    458    N  3.6022153  3.9180335 -0.0021621  0.0000000  7.5180867
    459    H  0.6562546  0.0276043  0.0000000  0.0000000  0.6838589
    460    C  2.8622481  2.3275663  0.0780791  0.0000000  5.2678935
    461    N  3.6117217  4.0432214 -0.0127145  0.0000000  7.6422287
    462    H  0.6095367  0.0259448  0.0000000  0.0000000  0.6354815
    463    H  0.5909818  0.0261903  0.0000000  0.0000000  0.6171720
    464    N  3.6110744  4.0387764 -0.0110862  0.0000000  7.6387646
    465    H  0.6028185  0.0263265  0.0000000  0.0000000  0.6291450
    466    H  0.6346085  0.0253218  0.0000000  0.0000000  0.6599303
    467    C  2.9945856  2.3751055  0.0759671  0.0000000  5.4456582
    468    O  3.9467935  4.5711201 -0.0086907  0.0000000  8.5092229
    469    N  3.6055212  3.9200993 -0.0040362  0.0000000  7.5215844
    470    H  0.6339140  0.0287869  0.0000000  0.0000000  0.6627008
    471    C  3.2496340  2.8959375  0.0226350  0.0000000  6.1682064
    472    H  0.8420676  0.0118927  0.0000000  0.0000000  0.8539602
    473    C  3.2685367  3.0185056  0.0112004  0.0000000  6.2982427
    474    H  0.8706726  0.0121929  0.0000000  0.0000000  0.8828655
    475    H  0.8512663  0.0108370  0.0000000  0.0000000  0.8621033
    476    C  3.0268869  2.3803902  0.0773089  0.0000000  5.4845859
    477    O  3.9182477  4.6167754 -0.0077668  0.0000000  8.5272563
    478    N  3.6037370  4.0261352 -0.0150674  0.0000000  7.6148048
    479    H  0.6626981  0.0284570  0.0000000  0.0000000  0.6911551
    480    H  0.6503700  0.0239782  0.0000000  0.0000000  0.6743483
    481    H  0.9240921  0.0116015  0.0000000  0.0000000  0.9356936
    482    H  0.9089801  0.0110317  0.0000000  0.0000000  0.9200118
    483    H  0.6137508  0.0127957  0.0000000  0.0000000  0.6265465
    484    H  0.9451702  0.0114945  0.0000000  0.0000000  0.9566647
    485    H  0.8560470  0.0111125  0.0000000  0.0000000  0.8671594
    486    H  0.6144221  0.0130166  0.0000000  0.0000000  0.6274388
    487    H  0.9410210  0.0115469  0.0000000  0.0000000  0.9525679
    488    H  0.9468054  0.0114891  0.0000000  0.0000000  0.9582945
    489    H  1.0011533  0.0116302  0.0000000  0.0000000  1.0127835
    490    H  0.9140849  0.0117796  0.0000000  0.0000000  0.9258645
    491    H  0.8372816  0.0115015  0.0000000  0.0000000  0.8487830
    492    H  0.5893346  0.0127680  0.0000000  0.0000000  0.6021026
    493    H  0.9270757  0.0116497  0.0000000  0.0000000  0.9387254
    494    H  0.9195157  0.0114829  0.0000000  0.0000000  0.9309986
    495    H  0.9224596  0.0119583  0.0000000  0.0000000  0.9344179
    496    H  0.8884894  0.0110441  0.0000000  0.0000000  0.8995336
    497    H  0.5940137  0.0131891  0.0000000  0.0000000  0.6072028
    498    H  0.8331684  0.0113364  0.0000000  0.0000000  0.8445048
    499    H  0.6031484  0.0130085  0.0000000  0.0000000  0.6161569
------------ ---------- ---------- ---------- ---------- ----------
  Total                                                   1856.0000000
