  Atom           S          P          D          F        Total
      1    C  3.2676831  3.1584777  0.0045179  0.0000000  6.4306788
      2    H  0.8555445  0.0110026  0.0000000  0.0000000  0.8665471
      3    H  0.8216821  0.0125046  0.0000000  0.0000000  0.8341867
      4    C  3.1698870  2.7555537  0.0118709  0.0000000  5.9373116
      5    C  3.2077758  2.9275705  0.0035109  0.0000000  6.1388572
      6    H  0.9140073  0.0140967  0.0000000  0.0000000  0.9281040
      7    C  3.2169414  2.8870643  0.0051499  0.0000000  6.1091556
      8    H  0.8704644  0.0121197  0.0000000  0.0000000  0.8825841
      9    C  3.2182742  2.8560855  0.0056397  0.0000000  6.0799994
     10    H  0.8619325  0.0116512  0.0000000  0.0000000  0.8735837
     11    C  3.2399198  2.8684760  0.0047121  0.0000000  6.1131079
     12    H  0.8529131  0.0123353  0.0000000  0.0000000  0.8652485
     13    C  3.2206917  2.9183472  0.0046991  0.0000000  6.1437381
     14    H  0.8677146  0.0113877  0.0000000  0.0000000  0.8791023
     15    C  3.0807137  2.5064154  0.0585905  0.0000000  5.6457197
     16    O  3.9141600  4.6604271 -0.0082119  0.0000000  8.5663751
     17    N  3.5757879  3.9023064 -0.0037179  0.0000000  7.4743764
     18    H  0.6518586  0.0256048  0.0000000  0.0000000  0.6774635
     19    C  3.2170864  2.8171490  0.0328512  0.0000000  6.0670866
     20    H  0.8316400  0.0122795  0.0000000  0.0000000  0.8439195
     21    C  3.2513299  2.9650062  0.0097845  0.0000000  6.2261207
     22    H  0.8450026  0.0111305  0.0000000  0.0000000  0.8561331
     23    H  0.8251930  0.0117428  0.0000000  0.0000000  0.8369358
     24    C  3.2759851  3.0439316  0.0102510  0.0000000  6.3301677
     25    H  0.8329054  0.0107166  0.0000000  0.0000000  0.8436219
     26    H  0.8374469  0.0119604  0.0000000  0.0000000  0.8494072
     27    C  2.9806740  2.4032729  0.0788943  0.0000000  5.4628412
     28    O  3.9379805  4.6332554 -0.0098796  0.0000000  8.5613562
     29    N  3.6013471  4.0034223 -0.0165110  0.0000000  7.5882584
     30    H  0.6376383  0.0320401  0.0000000  0.0000000  0.6696784
     31    H  0.6890744  0.0288577  0.0000000  0.0000000  0.7179321
     32    C  3.0153464  2.3720870  0.0725382  0.0000000  5.4599716
     33    O  3.9524229  4.5823179 -0.0096498  0.0000000  8.5250910
     34    N  3.5942234  3.9072053 -0.0053942  0.0000000  7.4960345
     35    H  0.6317942  0.0261071  0.0000000  0.0000000  0.6579013
     36    C  3.2586218  2.8167112  0.0299396  0.0000000  6.1052725
     37    H  0.8190575  0.0108847  0.0000000  0.0000000  0.8299422
     38    C  3.1764188  2.6587120  0.0445110  0.0000000  5.8796418
     39    H  0.8419970  0.0116022  0.0000000  0.0000000  0.8535991
     40    C  3.2770784  3.0932729  0.0013280  0.0000000  6.3716793
     41    H  0.8652114  0.0119903  0.0000000  0.0000000  0.8772016
     42    H  0.8465087  0.0116398  0.0000000  0.0000000  0.8581484
     43    H  0.8774621  0.0115908  0.0000000  0.0000000  0.8890529
     44    O  3.8668425  4.7596229 -0.0025196  0.0000000  8.6239458
     45    H  0.5690868  0.0370238  0.0000000  0.0000000  0.6061107
     46    C  2.9954567  2.3753686  0.0741660  0.0000000  5.4449913
     47    O  3.9206930  4.6473065 -0.0103104  0.0000000  8.5576892
     48    N  3.6130305  3.9063150 -0.0050072  0.0000000  7.5143383
     49    H  0.6662055  0.0279530  0.0000000  0.0000000  0.6941585
     50    C  3.2396069  2.9089894  0.0231753  0.0000000  6.1717717
     51    H  0.8633525  0.0115451  0.0000000  0.0000000  0.8748977
     52    C  3.2941535  3.0848751  0.0025029  0.0000000  6.3815315
     53    H  0.8766040  0.0101624  0.0000000  0.0000000  0.8867664
     54    H  0.8776157  0.0122136  0.0000000  0.0000000  0.8898293
     55    H  0.8751698  0.0116540  0.0000000  0.0000000  0.8868238
     56    C  3.2765968  3.0775919  0.0030020  0.0000000  6.3571907
     57    H  0.8335413  0.0103302  0.0000000  0.0000000  0.8438715
     58    H  0.8842482  0.0107869  0.0000000  0.0000000  0.8950351
     59    C  3.2371766  2.8546372  0.0190989  0.0000000  6.1109127
     60    H  0.8804892  0.0109562  0.0000000  0.0000000  0.8914454
     61    C  3.2631589  3.1001151  0.0019380  0.0000000  6.3652120
     62    H  0.8457000  0.0123760  0.0000000  0.0000000  0.8580760
     63    H  0.8540285  0.0119770  0.0000000  0.0000000  0.8660055
     64    H  0.8957252  0.0121614  0.0000000  0.0000000  0.9078866
     65    C  3.2698064  3.0731413  0.0028656  0.0000000  6.3458133
     66    H  0.8361294  0.0116070  0.0000000  0.0000000  0.8477365
     67    H  0.8811901  0.0109682  0.0000000  0.0000000  0.8921583
     68    H  0.8697357  0.0121712  0.0000000  0.0000000  0.8819070
     69    C  3.0576728  2.5395099  0.0653545  0.0000000  5.6625371
     70    O  3.9395733  4.5462199 -0.0051190  0.0000000  8.4806742
     71    N  3.5628493  3.8727153 -0.0029302  0.0000000  7.4326344
     72    H  0.6681344  0.0270568  0.0000000  0.0000000  0.6951912
     73    C  3.2539054  2.8076731  0.0306232  0.0000000  6.0922018
     74    H  0.8119290  0.0115725  0.0000000  0.0000000  0.8235015
     75    C  3.1711563  2.7571828  0.0406984  0.0000000  5.9690375
     76    H  0.8786098  0.0119846  0.0000000  0.0000000  0.8905944
     77    H  0.8678094  0.0100100  0.0000000  0.0000000  0.8778194
     78    O  3.8710914  4.6705934  0.0009045  0.0000000  8.5425893
     79    H  0.6237180  0.0385883  0.0000000  0.0000000  0.6623062
     80    C  3.0243613  2.3229565  0.0703343  0.0000000  5.4176520
     81    O  3.9671459  4.5546277 -0.0087790  0.0000000  8.5129946
     82    N  3.6084110  3.8346648  0.0051734  0.0000000  7.4482491
     83    C  3.2243199  2.8273811  0.0226473  0.0000000  6.0743483
     84    H  0.8323833  0.0117666  0.0000000  0.0000000  0.8441499
     85    H  0.8497802  0.0109558  0.0000000  0.0000000  0.8607360
     86    C  3.2967513  2.9934906  0.0082386  0.0000000  6.2984805
     87    H  0.8586123  0.0107192  0.0000000  0.0000000  0.8693316
     88    H  0.8376856  0.0107090  0.0000000  0.0000000  0.8483946
     89    C  3.2987109  2.9460509  0.0076314  0.0000000  6.2523932
     90    H  0.8162636  0.0116950  0.0000000  0.0000000  0.8279586
     91    H  0.8251729  0.0111803  0.0000000  0.0000000  0.8363532
     92    C  3.2597725  2.7951557  0.0293659  0.0000000  6.0842941
     93    H  0.7796570  0.0118523  0.0000000  0.0000000  0.7915092
     94    C  2.9984179  2.3190158  0.0734642  0.0000000  5.3908979
     95    O  3.9613317  4.5503587 -0.0082509  0.0000000  8.5034394
     96    N  3.5894312  3.9329126 -0.0038972  0.0000000  7.5184466
     97    H  0.6828929  0.0248395  0.0000000  0.0000000  0.7077324
     98    C  3.2440269  2.8052649  0.0323896  0.0000000  6.0816814
     99    H  0.8088554  0.0116097  0.0000000  0.0000000  0.8204652
    100    C  3.2510538  2.9585156  0.0090741  0.0000000  6.2186435
    101    H  0.8570066  0.0110207  0.0000000  0.0000000  0.8680273
    102    H  0.8373333  0.0122397  0.0000000  0.0000000  0.8495730
    103    C  3.2826367  3.0337184  0.0093185  0.0000000  6.3256736
    104    H  0.8322403  0.0126032  0.0000000  0.0000000  0.8448434
    105    H  0.8502710  0.0113848  0.0000000  0.0000000  0.8616558
    106    C  3.0227916  2.3682287  0.0742402  0.0000000  5.4652606
    107    O  3.9319702  4.5639845 -0.0063300  0.0000000  8.4896247
    108    N  3.5904240  4.0596499 -0.0135788  0.0000000  7.6364951
    109    H  0.6233499  0.0251013  0.0000000  0.0000000  0.6484512
    110    H  0.6794264  0.0252544  0.0000000  0.0000000  0.7046808
    111    C  2.9798281  2.3630345  0.0786337  0.0000000  5.4214963
    112    O  3.9481442  4.5904927 -0.0097664  0.0000000  8.5288705
    113    N  3.5700366  3.8926288 -0.0061059  0.0000000  7.4565596
    114    H  0.7049057  0.0297616  0.0000000  0.0000000  0.7346673
    115    C  3.1922725  2.8073683  0.0333446  0.0000000  6.0329854
    116    H  0.8011284  0.0113887  0.0000000  0.0000000  0.8125171
    117    C  3.3024824  3.0471951  0.0109337  0.0000000  6.3606112
    118    H  0.8238870  0.0114787  0.0000000  0.0000000  0.8353658
    119    H  0.8171317  0.0108594  0.0000000  0.0000000  0.8279911
    120    C  3.1498745  2.7409726  0.0124153  0.0000000  5.9032625
    121    C  3.2078183  2.9401990  0.0055513  0.0000000  6.1535687
    122    H  0.8522132  0.0127175  0.0000000  0.0000000  0.8649307
    123    C  3.2175135  2.8821671  0.0058211  0.0000000  6.1055017
    124    H  0.8654550  0.0126439  0.0000000  0.0000000  0.8780989
    125    C  3.1989235  2.9268417  0.0052254  0.0000000  6.1309906
    126    H  0.9010204  0.0126288  0.0000000  0.0000000  0.9136493
    127    C  3.1861661  2.9032144  0.0064237  0.0000000  6.0958042
    128    H  0.9021060  0.0114860  0.0000000  0.0000000  0.9135920
    129    C  3.2140200  2.9237690  0.0050737  0.0000000  6.1428627
    130    H  0.8497825  0.0116629  0.0000000  0.0000000  0.8614454
    131    C  3.0608063  2.3386890  0.0689288  0.0000000  5.4684241
    132    O  3.9751652  4.4617352 -0.0063354  0.0000000  8.4305650
    133    N  3.7972610  3.7350691 -0.0082084  0.0000000  7.5241218
    134    C  3.1092295  2.5069306  0.0354865  0.0000000  5.6516466
    135    C  3.3137148  2.9989092  0.0077730  0.0000000  6.3203970
    136    C  3.3662634  3.0177016  0.0114227  0.0000000  6.3953876
    137    S  5.8437768 10.0461854  0.0476442  0.0000000 15.9376064
    138    C  3.3796020  3.1401087  0.0061121  0.0000000  6.5258228
    139    H  0.8247660  0.0103243  0.0000000  0.0000000  0.8350902
    140    H  0.8348435  0.0115019  0.0000000  0.0000000  0.8463455
    141    H  0.8236549  0.0112329  0.0000000  0.0000000  0.8348878
    142    H  0.7835175  0.0113348  0.0000000  0.0000000  0.7948522
    143    H  0.8163170  0.0111426  0.0000000  0.0000000  0.8274597
    144    H  0.8495083  0.0109285  0.0000000  0.0000000  0.8604368
    145    H  0.7840201  0.0116797  0.0000000  0.0000000  0.7956998
    146    C  3.0314185  2.4834126  0.0416677  0.0000000  5.5564988
    147    N  3.8782501  3.6728637 -0.0067354  0.0000000  7.5443784
    148    C  3.1335754  2.7580886  0.0241059  0.0000000  5.9157698
    149    C  3.2636300  2.8260340  0.0068269  0.0000000  6.0964909
    150    C  3.1780303  2.8454435  0.0120843  0.0000000  6.0355581
    151    C  3.2206356  2.8818373  0.0059466  0.0000000  6.1084196
    152    C  3.2553708  2.9199925  0.0030280  0.0000000  6.1783912
    153    C  3.1225382  2.4502552  0.0501615  0.0000000  5.6229549
    154    C  3.2409693  2.9099218  0.0025250  0.0000000  6.1534161
    155    C  3.2779226  2.8752785  0.0034719  0.0000000  6.1566730
    156    H  0.8284426  0.0129157  0.0000000  0.0000000  0.8413583
    157    H  0.8511905  0.0131301  0.0000000  0.0000000  0.8643206
    158    O  3.9543758  4.6785157 -0.0143267  0.0000000  8.6185648
    159    H  0.8484825  0.0128143  0.0000000  0.0000000  0.8612968
    160    H  0.8635433  0.0125234  0.0000000  0.0000000  0.8760667
    161    H  0.8717341  0.0115285  0.0000000  0.0000000  0.8832626
    162    C  2.9776436  2.3891123  0.0716074  0.0000000  5.4383634
    163    O  3.9816666  4.6225498 -0.0139013  0.0000000  8.5903151
    164    N  3.6611328  3.8755071  0.0069751  0.0000000  7.5436151
    165    C  3.2815466  2.9116462  0.0235809  0.0000000  6.2167737
    166    C  2.9858891  2.3430687  0.0745355  0.0000000  5.4034933
    167    O  3.9646076  4.5610788 -0.0085886  0.0000000  8.5170978
    168    H  0.8201463  0.0121406  0.0000000  0.0000000  0.8322869
    169    H  0.8383184  0.0128311  0.0000000  0.0000000  0.8511495
    170    N  3.6242995  3.9141104 -0.0032134  0.0000000  7.5351964
    171    H  0.6306470  0.0253971  0.0000000  0.0000000  0.6560441
    172    C  3.2318196  2.7887064  0.0315049  0.0000000  6.0520309
    173    H  0.8106978  0.0115342  0.0000000  0.0000000  0.8222320
    174    C  3.1866035  2.7870428  0.0408907  0.0000000  6.0145371
    175    H  0.8850792  0.0111012  0.0000000  0.0000000  0.8961803
    176    H  0.8729028  0.0107675  0.0000000  0.0000000  0.8836704
    177    O  3.8679518  4.6981719 -0.0000688  0.0000000  8.5660549
    178    H  0.6213759  0.0394851  0.0000000  0.0000000  0.6608610
    179    C  3.0289740  2.3600206  0.0689446  0.0000000  5.4579391
    180    O  3.9390827  4.6211054 -0.0107831  0.0000000  8.5494051
    181    N  3.6221749  3.9283150 -0.0042230  0.0000000  7.5462668
    182    H  0.6728120  0.0261193  0.0000000  0.0000000  0.6989313
    183    C  3.2604655  2.8785176  0.0216251  0.0000000  6.1606083
    184    H  0.8703512  0.0108147  0.0000000  0.0000000  0.8811659
    185    C  3.2542506  3.0189758  0.0113720  0.0000000  6.2845984
    186    H  0.8777186  0.0120523  0.0000000  0.0000000  0.8897709
    187    H  0.8328505  0.0117152  0.0000000  0.0000000  0.8445658
    188    C  3.2538948  2.9669379  0.0110225  0.0000000  6.2318552
    189    H  0.8705811  0.0128864  0.0000000  0.0000000  0.8834675
    190    H  0.8773000  0.0096177  0.0000000  0.0000000  0.8869177
    191    C  3.2852092  2.9478658  0.0089564  0.0000000  6.2420314
    192    H  0.8403529  0.0104722  0.0000000  0.0000000  0.8508251
    193    H  0.8404048  0.0109234  0.0000000  0.0000000  0.8513282
    194    C  3.2339731  2.8893475  0.0225969  0.0000000  6.1459175
    195    H  0.8262899  0.0131630  0.0000000  0.0000000  0.8394529
    196    H  0.8295712  0.0110131  0.0000000  0.0000000  0.8405843
    197    N  3.6313077  3.9616915 -0.0089629  0.0000000  7.5840363
    198    H  0.6036662  0.0301980  0.0000000  0.0000000  0.6338642
    199    H  0.6211957  0.0280458  0.0000000  0.0000000  0.6492414
    200    H  0.6549858  0.0240623  0.0000000  0.0000000  0.6790481
    201    C  3.2568550  3.1761688  0.0041661  0.0000000  6.4371899
    202    H  0.8154292  0.0118846  0.0000000  0.0000000  0.8273138
    203    H  0.8547439  0.0118528  0.0000000  0.0000000  0.8665966
    204    C  3.1639400  2.7441800  0.0119175  0.0000000  5.9200375
    205    C  3.2191258  2.9097504  0.0045631  0.0000000  6.1334393
    206    H  0.9080297  0.0127471  0.0000000  0.0000000  0.9207768
    207    C  3.2061819  2.8917037  0.0054473  0.0000000  6.1033329
    208    H  0.8550077  0.0122813  0.0000000  0.0000000  0.8672891
    209    C  3.2214057  2.9000491  0.0045845  0.0000000  6.1260392
    210    H  0.8432165  0.0129073  0.0000000  0.0000000  0.8561238
    211    C  3.2217875  2.8945591  0.0038500  0.0000000  6.1201966
    212    H  0.8444015  0.0132026  0.0000000  0.0000000  0.8576041
    213    C  3.2293012  2.8906742  0.0052089  0.0000000  6.1251843
    214    H  0.8976484  0.0110573  0.0000000  0.0000000  0.9087058
    215    C  3.2689754  3.1445824  0.0051884  0.0000000  6.4187462
    216    H  0.8442330  0.0115800  0.0000000  0.0000000  0.8558130
    217    H  0.8261311  0.0112131  0.0000000  0.0000000  0.8373442
    218    C  3.1512295  2.8230069  0.0152560  0.0000000  5.9894923
    219    C  3.1289880  2.7660260  0.0225050  0.0000000  5.9175190
    220    H  0.8372465  0.0120269  0.0000000  0.0000000  0.8492734
    221    N  3.7098105  3.9061997  0.0002836  0.0000000  7.6162938
    222    H  0.6627357  0.0274023  0.0000000  0.0000000  0.6901380
    223    C  3.0943827  2.6027231  0.0281223  0.0000000  5.7252281
    224    C  3.1723810  2.9025133  0.0052541  0.0000000  6.0801484
    225    H  0.8832386  0.0144750  0.0000000  0.0000000  0.8977136
    226    C  3.2106278  2.9445835  0.0057683  0.0000000  6.1609797
    227    H  0.8715335  0.0122417  0.0000000  0.0000000  0.8837752
    228    C  3.1997400  2.9347831  0.0053586  0.0000000  6.1398816
    229    H  0.9120086  0.0124009  0.0000000  0.0000000  0.9244095
    230    C  3.2215690  2.9262050  0.0070313  0.0000000  6.1548053
    231    H  0.9388496  0.0111681  0.0000000  0.0000000  0.9500177
    232    C  3.1786156  2.8149637  0.0177576  0.0000000  6.0113369
    233    C  3.2850693  3.0683741  0.0022677  0.0000000  6.3557111
    234    H  0.8182178  0.0115369  0.0000000  0.0000000  0.8297546
    235    H  0.8302871  0.0118607  0.0000000  0.0000000  0.8421478
    236    C  3.2393267  3.0125175  0.0111855  0.0000000  6.2630296
    237    H  0.8584500  0.0128162  0.0000000  0.0000000  0.8712663
    238    H  0.8174893  0.0116730  0.0000000  0.0000000  0.8291623
    239    C  3.2131343  2.8679759  0.0261371  0.0000000  6.1072473
    240    H  0.8387748  0.0113025  0.0000000  0.0000000  0.8500773
    241    H  0.8349804  0.0104627  0.0000000  0.0000000  0.8454431
    242    N  3.5923891  3.9623196 -0.0013575  0.0000000  7.5533512
    243    H  0.6072846  0.0266540  0.0000000  0.0000000  0.6339386
    244    C  2.8614724  2.3103168  0.0771756  0.0000000  5.2489649
    245    N  3.6192862  4.0055614 -0.0149257  0.0000000  7.6099219
    246    H  0.6667658  0.0252159  0.0000000  0.0000000  0.6919818
    247    H  0.6476676  0.0282854  0.0000000  0.0000000  0.6759530
    248    N  3.6138414  4.0148686 -0.0158658  0.0000000  7.6128442
    249    H  0.6687991  0.0272289  0.0000000  0.0000000  0.6960281
    250    H  0.6406471  0.0313815  0.0000000  0.0000000  0.6720286
    251    C  3.2909755  3.0949145  0.0018341  0.0000000  6.3877241
    252    H  0.8436314  0.0117016  0.0000000  0.0000000  0.8553330
    253    H  0.8162193  0.0114126  0.0000000  0.0000000  0.8276319
    254    C  3.2847520  3.0118741  0.0095745  0.0000000  6.3062007
    255    H  0.8297097  0.0107313  0.0000000  0.0000000  0.8404410
    256    H  0.8453513  0.0115079  0.0000000  0.0000000  0.8568592
    257    C  3.0159373  2.4055177  0.0767468  0.0000000  5.4982018
    258    O  3.9453987  4.5464210 -0.0064736  0.0000000  8.4853461
    259    N  3.5779736  4.0087902 -0.0145893  0.0000000  7.5721745
    260    H  0.7262412  0.0258579  0.0000000  0.0000000  0.7520991
    261    H  0.6368805  0.0256494  0.0000000  0.0000000  0.6625299
    262    C  3.0672172  2.5236312  0.0629240  0.0000000  5.6537724
    263    O  3.9011373  4.6519024 -0.0056513  0.0000000  8.5473885
    264    N  3.5503799  3.8912860 -0.0027059  0.0000000  7.4389599
    265    H  0.6489756  0.0258782  0.0000000  0.0000000  0.6748538
    266    C  3.2449267  2.8332537  0.0304789  0.0000000  6.1086593
    267    H  0.8206179  0.0115705  0.0000000  0.0000000  0.8321884
    268    C  3.2430556  2.9602074  0.0086275  0.0000000  6.2118905
    269    H  0.8722380  0.0115211  0.0000000  0.0000000  0.8837591
    270    H  0.8217176  0.0127858  0.0000000  0.0000000  0.8345034
    271    C  3.2945235  3.0265561  0.0089636  0.0000000  6.3300432
    272    H  0.8716311  0.0117079  0.0000000  0.0000000  0.8833390
    273    H  0.8746928  0.0098802  0.0000000  0.0000000  0.8845729
    274    C  3.0013178  2.4498915  0.0886724  0.0000000  5.5398817
    275    O  3.8796147  4.8052543 -0.0185982  0.0000000  8.6662708
    276    O  3.9050552  4.7867499 -0.0185452  0.0000000  8.6732599
    277    C  3.0025708  2.3269757  0.0722409  0.0000000  5.4017874
    278    O  3.9094051  4.6883196 -0.0120678  0.0000000  8.5856569
    279    N  3.5949191  3.8941008 -0.0031331  0.0000000  7.4858869
    280    H  0.6878670  0.0267408  0.0000000  0.0000000  0.7146077
    281    C  3.2331716  2.7928190  0.0311493  0.0000000  6.0571399
    282    H  0.8159997  0.0107034  0.0000000  0.0000000  0.8267031
    283    C  3.2707396  3.1310612  0.0022054  0.0000000  6.4040063
    284    H  0.8512467  0.0122844  0.0000000  0.0000000  0.8635311
    285    H  0.8194471  0.0122569  0.0000000  0.0000000  0.8317040
    286    H  0.8340758  0.0121543  0.0000000  0.0000000  0.8462301
    287    C  3.0360186  2.4171396  0.0730278  0.0000000  5.5261859
    288    O  3.9159345  4.6573926 -0.0110032  0.0000000  8.5623238
    289    N  3.6197891  3.8721997 -0.0040068  0.0000000  7.4879819
    290    H  0.6694697  0.0266695  0.0000000  0.0000000  0.6961393
    291    C  3.2718556  2.8651292  0.0198028  0.0000000  6.1567875
    292    H  0.8382154  0.0112191  0.0000000  0.0000000  0.8494346
    293    C  3.3612318  3.0338220  0.0114625  0.0000000  6.4065163
    294    H  0.8038765  0.0114703  0.0000000  0.0000000  0.8153468
    295    H  0.7947505  0.0113515  0.0000000  0.0000000  0.8061020
    296    S  5.8595618 10.2648324  0.0322869  0.0000000 16.1566810
    297    H  0.8981351  0.0152502  0.0000000  0.0000000  0.9133852
    298    C  3.2760553  3.0932440  0.0027086  0.0000000  6.3720078
    299    H  0.8351902  0.0116824  0.0000000  0.0000000  0.8468725
    300    H  0.8451365  0.0112400  0.0000000  0.0000000  0.8563765
    301    C  3.3145170  3.0853555  0.0160165  0.0000000  6.4158890
    302    H  0.7770852  0.0122083  0.0000000  0.0000000  0.7892935
    303    H  0.8271738  0.0117787  0.0000000  0.0000000  0.8389524
    304    S  5.8388144  9.9826210  0.0514451  0.0000000 15.8728804
    305    C  3.3613449  3.1896668  0.0065190  0.0000000  6.5575307
    306    H  0.8416301  0.0116771  0.0000000  0.0000000  0.8533072
    307    H  0.8252731  0.0108560  0.0000000  0.0000000  0.8361290
    308    H  0.7937901  0.0119610  0.0000000  0.0000000  0.8057511
    309    C  3.2447678  3.1295563  0.0037056  0.0000000  6.3780296
    310    H  0.8606581  0.0115496  0.0000000  0.0000000  0.8722076
    311    H  0.8169302  0.0119544  0.0000000  0.0000000  0.8288847
    312    C  3.3186848  3.0588311  0.0157381  0.0000000  6.3932540
    313    H  0.7782844  0.0118326  0.0000000  0.0000000  0.7901170
    314    H  0.8449347  0.0125150  0.0000000  0.0000000  0.8574497
    315    S  5.8324698 10.0977790  0.0486229  0.0000000 15.9788717
    316    C  3.3611673  3.1571126  0.0060713  0.0000000  6.5243513
    317    H  0.8238803  0.0117127  0.0000000  0.0000000  0.8355931
    318    H  0.8044632  0.0111446  0.0000000  0.0000000  0.8156078
    319    H  0.7992447  0.0119835  0.0000000  0.0000000  0.8112282
    320    C  3.2690448  3.1644941  0.0050893  0.0000000  6.4386283
    321    H  0.8326044  0.0107170  0.0000000  0.0000000  0.8433214
    322    H  0.8792293  0.0108799  0.0000000  0.0000000  0.8901092
    323    C  3.1598827  2.7674300  0.0123037  0.0000000  5.9396165
    324    C  3.2045440  2.9085008  0.0056572  0.0000000  6.1187020
    325    H  0.8796914  0.0121646  0.0000000  0.0000000  0.8918559
    326    C  3.2298693  2.9244601  0.0040951  0.0000000  6.1584245
    327    H  0.8542552  0.0120064  0.0000000  0.0000000  0.8662616
    328    C  3.1144997  2.5225666  0.0419462  0.0000000  5.6790125
    329    O  3.8880731  4.6813917 -0.0023243  0.0000000  8.5671405
    330    H  0.5160063  0.0408815  0.0000000  0.0000000  0.5568878
    331    C  3.2234148  2.9797475  0.0035690  0.0000000  6.2067314
    332    H  0.8477979  0.0117536  0.0000000  0.0000000  0.8595515
    333    C  3.2210542  2.9327404  0.0040095  0.0000000  6.1578042
    334    H  0.8525558  0.0125141  0.0000000  0.0000000  0.8650699
    335    C  3.0523992  2.5197124  0.0677062  0.0000000  5.6398179
    336    O  3.9041273  4.5676190 -0.0022387  0.0000000  8.4695076
    337    N  3.5807681  3.9369010 -0.0041691  0.0000000  7.5135000
    338    H  0.6216428  0.0254364  0.0000000  0.0000000  0.6470792
    339    C  3.2136287  2.8483137  0.0318619  0.0000000  6.0938043
    340    H  0.8073741  0.0126908  0.0000000  0.0000000  0.8200648
    341    C  3.1392888  2.6850029  0.0496123  0.0000000  5.8739039
    342    H  0.8880435  0.0130975  0.0000000  0.0000000  0.9011410
    343    C  3.2644659  3.1148309  0.0017701  0.0000000  6.3810669
    344    H  0.8689038  0.0114476  0.0000000  0.0000000  0.8803514
    345    H  0.8305415  0.0125673  0.0000000  0.0000000  0.8431087
    346    H  0.8512731  0.0117530  0.0000000  0.0000000  0.8630261
    347    O  3.8744172  4.6342534  0.0000083  0.0000000  8.5086789
    348    H  0.6381916  0.0426937  0.0000000  0.0000000  0.6808853
    349    C  2.9895590  2.3988498  0.0785714  0.0000000  5.4669802
    350    O  3.9359175  4.6162974 -0.0101167  0.0000000  8.5420981
    351    N  3.6058977  3.9090211 -0.0055980  0.0000000  7.5093207
    352    H  0.6566663  0.0268215  0.0000000  0.0000000  0.6834878
    353    C  3.2200858  2.8041873  0.0315120  0.0000000  6.0557851
    354    H  0.8368133  0.0112111  0.0000000  0.0000000  0.8480243
    355    C  3.2596383  2.9586563  0.0097322  0.0000000  6.2280268
    356    H  0.8398953  0.0112396  0.0000000  0.0000000  0.8511349
    357    H  0.8391839  0.0118400  0.0000000  0.0000000  0.8510239
    358    C  3.2423479  2.9870572  0.0100550  0.0000000  6.2394601
    359    H  0.8509686  0.0112096  0.0000000  0.0000000  0.8621782
    360    H  0.8396719  0.0134919  0.0000000  0.0000000  0.8531638
    361    C  3.2732155  2.9843375  0.0101928  0.0000000  6.2677459
    362    H  0.8357518  0.0114096  0.0000000  0.0000000  0.8471615
    363    H  0.8598430  0.0103787  0.0000000  0.0000000  0.8702216
    364    C  3.2740123  2.8640121  0.0229769  0.0000000  6.1610014
    365    H  0.7920339  0.0098824  0.0000000  0.0000000  0.8019163
    366    H  0.7644947  0.0117932  0.0000000  0.0000000  0.7762880
    367    N  3.5694249  3.9595321 -0.0010140  0.0000000  7.5279429
    368    H  0.5949673  0.0248295  0.0000000  0.0000000  0.6197968
    369    H  0.5863817  0.0255098  0.0000000  0.0000000  0.6118916
    370    H  0.5859780  0.0239843  0.0000000  0.0000000  0.6099623
    371    C  2.9965048  2.3723904  0.0798459  0.0000000  5.4487411
    372    O  3.9243276  4.5685234 -0.0069400  0.0000000  8.4859111
    373    N  3.6184058  3.9221902 -0.0026922  0.0000000  7.5379038
    374    H  0.6633559  0.0241258  0.0000000  0.0000000  0.6874817
    375    C  3.2505690  2.9285630  0.0224992  0.0000000  6.2016312
    376    H  0.8544871  0.0127207  0.0000000  0.0000000  0.8672078
    377    C  3.2598052  2.9536004  0.0095747  0.0000000  6.2229803
    378    H  0.8894124  0.0105851  0.0000000  0.0000000  0.8999975
    379    H  0.8791031  0.0124660  0.0000000  0.0000000  0.8915690
    380    C  3.2502538  2.8592399  0.0164832  0.0000000  6.1259768
    381    H  0.8648755  0.0107864  0.0000000  0.0000000  0.8756619
    382    C  3.2398733  3.0799751  0.0022568  0.0000000  6.3221052
    383    H  0.9508147  0.0116402  0.0000000  0.0000000  0.9624549
    384    H  0.8182606  0.0126304  0.0000000  0.0000000  0.8308909
    385    H  0.8690368  0.0128746  0.0000000  0.0000000  0.8819114
    386    C  3.2759488  3.0818783  0.0018828  0.0000000  6.3597099
    387    H  0.8625722  0.0127181  0.0000000  0.0000000  0.8752902
    388    H  0.8992484  0.0120884  0.0000000  0.0000000  0.9113368
    389    H  0.8819206  0.0105174  0.0000000  0.0000000  0.8924380
    390    C  3.0634252  2.5512719  0.0674219  0.0000000  5.6821190
    391    O  3.9126860  4.6373533 -0.0067994  0.0000000  8.5432400
    392    N  3.5417210  3.8930956 -0.0030703  0.0000000  7.4317464
    393    H  0.6168448  0.0282795  0.0000000  0.0000000  0.6451243
    394    C  3.2455704  2.8124957  0.0307988  0.0000000  6.0888649
    395    H  0.8280518  0.0113484  0.0000000  0.0000000  0.8394003
    396    C  3.2763926  2.9761973  0.0082483  0.0000000  6.2608382
    397    H  0.8210751  0.0119180  0.0000000  0.0000000  0.8329931
    398    H  0.8258853  0.0124580  0.0000000  0.0000000  0.8383433
    399    C  3.2799990  3.0181656  0.0095753  0.0000000  6.3077399
    400    H  0.8276595  0.0112922  0.0000000  0.0000000  0.8389517
    401    H  0.8115787  0.0120221  0.0000000  0.0000000  0.8236008
    402    C  3.0177971  2.3962865  0.0748242  0.0000000  5.4889078
    403    O  3.9180721  4.6932893 -0.0113825  0.0000000  8.5999789
    404    N  3.6033473  3.9992131 -0.0164548  0.0000000  7.5861056
    405    H  0.6691669  0.0275510  0.0000000  0.0000000  0.6967179
    406    H  0.6627905  0.0262627  0.0000000  0.0000000  0.6890533
    407    C  2.9834792  2.3803024  0.0779233  0.0000000  5.4417049
    408    O  3.9300863  4.6280915 -0.0101836  0.0000000  8.5479942
    409    N  3.5940201  3.8979279 -0.0029285  0.0000000  7.4890194
    410    H  0.5934373  0.0235490  0.0000000  0.0000000  0.6169862
    411    C  3.2309157  2.8518861  0.0309372  0.0000000  6.1137390
    412    H  0.8282647  0.0127683  0.0000000  0.0000000  0.8410330
    413    C  3.2861374  2.9801855  0.0093758  0.0000000  6.2756988
    414    H  0.8427116  0.0117302  0.0000000  0.0000000  0.8544418
    415    H  0.8216320  0.0111196  0.0000000  0.0000000  0.8327515
    416    C  3.1902755  2.7388772  0.0093175  0.0000000  5.9384702
    417    C  3.2921368  2.9627496  0.0025692  0.0000000  6.2574555
    418    H  0.8363408  0.0118086  0.0000000  0.0000000  0.8481494
    419    C  3.2107454  2.8887715  0.0041936  0.0000000  6.1037105
    420    H  0.8491740  0.0118086  0.0000000  0.0000000  0.8609826
    421    C  3.1236574  2.5524811  0.0405077  0.0000000  5.7166462
    422    O  3.8826269  4.6715473 -0.0000401  0.0000000  8.5541342
    423    H  0.5945753  0.0388644  0.0000000  0.0000000  0.6334397
    424    C  3.1795781  2.9686847  0.0050733  0.0000000  6.1533360
    425    H  0.8595956  0.0124705  0.0000000  0.0000000  0.8720661
    426    C  3.2156018  2.9182660  0.0049862  0.0000000  6.1388541
    427    H  0.8766991  0.0135144  0.0000000  0.0000000  0.8902135
    428    C  3.0025902  2.3407325  0.0692111  0.0000000  5.4125338
    429    O  3.9705581  4.5913668 -0.0124594  0.0000000  8.5494655
    430    N  3.6063476  3.8976296 -0.0058248  0.0000000  7.4981524
    431    H  0.6679037  0.0273582  0.0000000  0.0000000  0.6952619
    432    C  3.2492001  2.8001924  0.0302901  0.0000000  6.0796826
    433    H  0.8061042  0.0120177  0.0000000  0.0000000  0.8181219
    434    C  3.2501452  2.9185388  0.0097358  0.0000000  6.1784198
    435    H  0.8304753  0.0125989  0.0000000  0.0000000  0.8430742
    436    H  0.8863877  0.0110308  0.0000000  0.0000000  0.8974185
    437    C  3.3138718  3.0350125  0.0088973  0.0000000  6.3577816
    438    H  0.8391071  0.0115705  0.0000000  0.0000000  0.8506775
    439    H  0.8702422  0.0110397  0.0000000  0.0000000  0.8812819
    440    C  2.9827868  2.3756510  0.1013630  0.0000000  5.4598009
    441    O  3.9328334  4.6615141 -0.0113238  0.0000000  8.5830238
    442    O  3.8747637  4.6766880 -0.0076165  0.0000000  8.5438353
    443    C  3.0186976  2.3218238  0.0702270  0.0000000  5.4107485
    444    O  3.9425207  4.6859721 -0.0126861  0.0000000  8.6158067
    445    N  3.6092029  3.8889796 -0.0058131  0.0000000  7.4923695
    446    H  0.6522855  0.0287414  0.0000000  0.0000000  0.6810269
    447    C  3.2236127  2.7839873  0.0303276  0.0000000  6.0379276
    448    H  0.8168537  0.0110851  0.0000000  0.0000000  0.8279388
    449    C  3.2449562  2.9566482  0.0105485  0.0000000  6.2121529
    450    H  0.9054040  0.0125336  0.0000000  0.0000000  0.9179376
    451    H  0.8484144  0.0116122  0.0000000  0.0000000  0.8600266
    452    C  3.2364238  3.0014159  0.0120086  0.0000000  6.2498484
    453    H  0.8070021  0.0134421  0.0000000  0.0000000  0.8204442
    454    H  0.8093015  0.0122827  0.0000000  0.0000000  0.8215842
    455    C  3.2319102  2.9106998  0.0256257  0.0000000  6.1682357
    456    H  0.8326687  0.0114989  0.0000000  0.0000000  0.8441677
    457    H  0.7873537  0.0127402  0.0000000  0.0000000  0.8000939
    458    N  3.6021055  3.9371417  0.0002228  0.0000000  7.5394700
    459    H  0.6378856  0.0246633  0.0000000  0.0000000  0.6625489
    460    C  2.8803662  2.3042109  0.0751787  0.0000000  5.2597558
    461    N  3.5975277  4.0460065 -0.0133092  0.0000000  7.6302250
    462    H  0.6123662  0.0263005  0.0000000  0.0000000  0.6386668
    463    H  0.5946446  0.0282530  0.0000000  0.0000000  0.6228976
    464    N  3.5945586  4.0382598 -0.0101091  0.0000000  7.6227093
    465    H  0.6505701  0.0265725  0.0000000  0.0000000  0.6771426
    466    H  0.6296949  0.0253624  0.0000000  0.0000000  0.6550573
    467    C  3.0121148  2.3742505  0.0712874  0.0000000  5.4576527
    468    O  3.9633576  4.5863895 -0.0094675  0.0000000  8.5402796
    469    N  3.6104436  3.9031728 -0.0031144  0.0000000  7.5105020
    470    H  0.6142540  0.0249639  0.0000000  0.0000000  0.6392179
    471    C  3.2578394  2.9152086  0.0227849  0.0000000  6.1958329
    472    H  0.8225568  0.0119367  0.0000000  0.0000000  0.8344935
    473    C  3.2769645  3.0174580  0.0106370  0.0000000  6.3050595
    474    H  0.8651335  0.0116209  0.0000000  0.0000000  0.8767544
    475    H  0.8479237  0.0108936  0.0000000  0.0000000  0.8588173
    476    C  3.0376535  2.3683458  0.0759418  0.0000000  5.4819411
    477    O  3.9213423  4.6218506 -0.0066478  0.0000000  8.5365451
    478    N  3.5681547  4.0114459 -0.0181918  0.0000000  7.5614087
    479    H  0.6646750  0.0308451  0.0000000  0.0000000  0.6955201
    480    H  0.6824080  0.0292407  0.0000000  0.0000000  0.7116487
    481    H  0.9356248  0.0118743  0.0000000  0.0000000  0.9474992
    482    H  0.8853145  0.0113567  0.0000000  0.0000000  0.8966712
    483    H  0.6232818  0.0124830  0.0000000  0.0000000  0.6357648
    484    H  0.9357761  0.0115171  0.0000000  0.0000000  0.9472932
    485    H  0.8628185  0.0112505  0.0000000  0.0000000  0.8740690
    486    H  0.6124761  0.0132390  0.0000000  0.0000000  0.6257151
    487    H  0.9426778  0.0119265  0.0000000  0.0000000  0.9546043
    488    H  0.9474690  0.0116535  0.0000000  0.0000000  0.9591226
    489    H  0.9955498  0.0118991  0.0000000  0.0000000  1.0074488
    490    H  0.9469767  0.0116621  0.0000000  0.0000000  0.9586388
    491    H  0.8742395  0.0113239  0.0000000  0.0000000  0.8855634
    492    H  0.6083519  0.0126502  0.0000000  0.0000000  0.6210022
    493    H  0.9448314  0.0114847  0.0000000  0.0000000  0.9563161
    494    H  0.9217463  0.0114430  0.0000000  0.0000000  0.9331893
    495    H  0.9247813  0.0115731  0.0000000  0.0000000  0.9363545
    496    H  0.8813832  0.0111379  0.0000000  0.0000000  0.8925211
    497    H  0.6025411  0.0131380  0.0000000  0.0000000  0.6156791
    498    H  0.8399250  0.0114432  0.0000000  0.0000000  0.8513682
    499    H  0.5960924  0.0130563  0.0000000  0.0000000  0.6091487
------------ ---------- ---------- ---------- ---------- ----------
  Total                                                   1856.0000000
