  Atom           S          P          D          F        Total
      1    C  3.2798195  3.1154552  0.0033672  0.0000000  6.3986418
      2    H  0.8337079  0.0111403  0.0000000  0.0000000  0.8448482
      3    H  0.8614936  0.0124754  0.0000000  0.0000000  0.8739690
      4    C  3.1737323  2.7469239  0.0122178  0.0000000  5.9328739
      5    C  3.2023912  2.9273819  0.0059134  0.0000000  6.1356864
      6    H  0.9089274  0.0109650  0.0000000  0.0000000  0.9198924
      7    C  3.2047113  2.8935947  0.0049056  0.0000000  6.1032116
      8    H  0.8865307  0.0125125  0.0000000  0.0000000  0.8990431
      9    C  3.2140151  2.8879591  0.0051575  0.0000000  6.1071317
     10    H  0.8676810  0.0126482  0.0000000  0.0000000  0.8803292
     11    C  3.2008381  2.8729760  0.0046780  0.0000000  6.0784921
     12    H  0.8594316  0.0134061  0.0000000  0.0000000  0.8728377
     13    C  3.2287674  2.9445661  0.0037430  0.0000000  6.1770765
     14    H  0.8555235  0.0129105  0.0000000  0.0000000  0.8684340
     15    C  3.0551649  2.5307540  0.0655797  0.0000000  5.6514986
     16    O  3.8911288  4.6503526 -0.0055316  0.0000000  8.5359498
     17    N  3.5799435  3.8896339 -0.0054930  0.0000000  7.4640844
     18    H  0.6416759  0.0280029  0.0000000  0.0000000  0.6696788
     19    C  3.2264769  2.7983948  0.0316658  0.0000000  6.0565375
     20    H  0.8400749  0.0110711  0.0000000  0.0000000  0.8511460
     21    C  3.2640372  2.9512393  0.0094742  0.0000000  6.2247507
     22    H  0.8554768  0.0106355  0.0000000  0.0000000  0.8661123
     23    H  0.8255007  0.0118739  0.0000000  0.0000000  0.8373746
     24    C  3.2718828  3.0394496  0.0103013  0.0000000  6.3216337
     25    H  0.8194274  0.0118592  0.0000000  0.0000000  0.8312866
     26    H  0.8442052  0.0108854  0.0000000  0.0000000  0.8550906
     27    C  3.0171266  2.3726165  0.0760266  0.0000000  5.4657697
     28    O  3.9413727  4.6092871 -0.0093103  0.0000000  8.5413496
     29    N  3.6115180  4.0242967 -0.0164526  0.0000000  7.6193621
     30    H  0.6572907  0.0286312  0.0000000  0.0000000  0.6859219
     31    H  0.6882181  0.0261825  0.0000000  0.0000000  0.7144006
     32    C  3.0283035  2.3677685  0.0728258  0.0000000  5.4688978
     33    O  3.9469615  4.5647387 -0.0082414  0.0000000  8.5034588
     34    N  3.6347331  3.9241080 -0.0041152  0.0000000  7.5547259
     35    H  0.6335066  0.0226684  0.0000000  0.0000000  0.6561750
     36    C  3.2361697  2.7593945  0.0298682  0.0000000  6.0254324
     37    H  0.8339705  0.0114809  0.0000000  0.0000000  0.8454514
     38    C  3.1787299  2.6867036  0.0488091  0.0000000  5.9142426
     39    H  0.8302866  0.0109803  0.0000000  0.0000000  0.8412668
     40    C  3.2929599  3.0941795  0.0018680  0.0000000  6.3890074
     41    H  0.8761474  0.0112934  0.0000000  0.0000000  0.8874408
     42    H  0.8472024  0.0112695  0.0000000  0.0000000  0.8584718
     43    H  0.8406627  0.0118357  0.0000000  0.0000000  0.8524983
     44    O  3.8441185  4.7012586 -0.0019501  0.0000000  8.5434269
     45    H  0.6072217  0.0400391  0.0000000  0.0000000  0.6472608
     46    C  3.0182921  2.3840983  0.0708377  0.0000000  5.4732281
     47    O  3.9436210  4.6360222 -0.0118456  0.0000000  8.5677976
     48    N  3.6234289  3.9002746 -0.0052414  0.0000000  7.5184621
     49    H  0.6554870  0.0261820  0.0000000  0.0000000  0.6816690
     50    C  3.2552741  2.9080904  0.0206003  0.0000000  6.1839648
     51    H  0.8601554  0.0115225  0.0000000  0.0000000  0.8716779
     52    C  3.2824484  3.0882632  0.0028675  0.0000000  6.3735791
     53    H  0.8684195  0.0111156  0.0000000  0.0000000  0.8795352
     54    H  0.8882029  0.0103868  0.0000000  0.0000000  0.8985898
     55    H  0.8754326  0.0115837  0.0000000  0.0000000  0.8870163
     56    C  3.2483793  3.1186825  0.0040031  0.0000000  6.3710649
     57    H  0.8388801  0.0119756  0.0000000  0.0000000  0.8508557
     58    H  0.8840171  0.0114306  0.0000000  0.0000000  0.8954477
     59    C  3.2353724  2.8518270  0.0182468  0.0000000  6.1054461
     60    H  0.8587956  0.0118337  0.0000000  0.0000000  0.8706293
     61    C  3.2908970  3.0768311  0.0016809  0.0000000  6.3694090
     62    H  0.8623857  0.0108863  0.0000000  0.0000000  0.8732720
     63    H  0.8704834  0.0116799  0.0000000  0.0000000  0.8821633
     64    H  0.8565344  0.0106498  0.0000000  0.0000000  0.8671841
     65    C  3.2763997  3.0884946  0.0022463  0.0000000  6.3671406
     66    H  0.8727042  0.0114146  0.0000000  0.0000000  0.8841188
     67    H  0.8629124  0.0125305  0.0000000  0.0000000  0.8754428
     68    H  0.8535173  0.0109020  0.0000000  0.0000000  0.8644193
     69    C  3.0543900  2.5360858  0.0687877  0.0000000  5.6592635
     70    O  3.9132944  4.5449307 -0.0028733  0.0000000  8.4553519
     71    N  3.5960560  3.8768933 -0.0026548  0.0000000  7.4702945
     72    H  0.6556928  0.0236543  0.0000000  0.0000000  0.6793471
     73    C  3.2471317  2.7897269  0.0308743  0.0000000  6.0677329
     74    H  0.8361346  0.0106914  0.0000000  0.0000000  0.8468260
     75    C  3.2288705  2.7398267  0.0346256  0.0000000  6.0033229
     76    H  0.8617537  0.0103602  0.0000000  0.0000000  0.8721140
     77    H  0.8209329  0.0108971  0.0000000  0.0000000  0.8318300
     78    O  3.8509829  4.7593261 -0.0052136  0.0000000  8.6050955
     79    H  0.6127537  0.0442680  0.0000000  0.0000000  0.6570217
     80    C  3.0472024  2.3572694  0.0671002  0.0000000  5.4715720
     81    O  3.9772121  4.5494917 -0.0113193  0.0000000  8.5153845
     82    N  3.6077596  3.8357704  0.0065778  0.0000000  7.4501077
     83    C  3.1726498  2.8591349  0.0252762  0.0000000  6.0570609
     84    H  0.8503152  0.0133190  0.0000000  0.0000000  0.8636342
     85    H  0.8344450  0.0120113  0.0000000  0.0000000  0.8464563
     86    C  3.2884839  2.9760655  0.0096512  0.0000000  6.2742005
     87    H  0.8618449  0.0106044  0.0000000  0.0000000  0.8724493
     88    H  0.8078404  0.0112399  0.0000000  0.0000000  0.8190804
     89    C  3.2867050  2.9771699  0.0082553  0.0000000  6.2721302
     90    H  0.8569922  0.0111914  0.0000000  0.0000000  0.8681836
     91    H  0.8241194  0.0121253  0.0000000  0.0000000  0.8362446
     92    C  3.2216812  2.7868191  0.0318108  0.0000000  6.0403111
     93    H  0.7861065  0.0117019  0.0000000  0.0000000  0.7978084
     94    C  2.9927364  2.3607255  0.0764355  0.0000000  5.4298974
     95    O  3.9403714  4.5599206 -0.0070922  0.0000000  8.4931999
     96    N  3.5898560  3.9334989 -0.0039246  0.0000000  7.5194303
     97    H  0.6835899  0.0238515  0.0000000  0.0000000  0.7074414
     98    C  3.2155055  2.8328252  0.0351182  0.0000000  6.0834489
     99    H  0.8038724  0.0117656  0.0000000  0.0000000  0.8156380
    100    C  3.2373783  2.9709383  0.0111615  0.0000000  6.2194781
    101    H  0.8731506  0.0105000  0.0000000  0.0000000  0.8836507
    102    H  0.8505859  0.0123444  0.0000000  0.0000000  0.8629303
    103    C  3.2737303  3.0423103  0.0104095  0.0000000  6.3264501
    104    H  0.8071485  0.0122168  0.0000000  0.0000000  0.8193653
    105    H  0.8590930  0.0109898  0.0000000  0.0000000  0.8700828
    106    C  3.0086334  2.3723251  0.0779357  0.0000000  5.4588941
    107    O  3.9224064  4.5807116 -0.0062391  0.0000000  8.4968788
    108    N  3.5980124  4.0428741 -0.0109395  0.0000000  7.6299470
    109    H  0.6513909  0.0242285  0.0000000  0.0000000  0.6756193
    110    H  0.6809709  0.0223756  0.0000000  0.0000000  0.7033465
    111    C  2.9793439  2.3472514  0.0775425  0.0000000  5.4041378
    112    O  3.9433923  4.5844823 -0.0086469  0.0000000  8.5192277
    113    N  3.5821873  3.9067925 -0.0043884  0.0000000  7.4845913
    114    H  0.6915353  0.0270935  0.0000000  0.0000000  0.7186287
    115    C  3.2018430  2.8059742  0.0345529  0.0000000  6.0423700
    116    H  0.8041845  0.0117282  0.0000000  0.0000000  0.8159128
    117    C  3.3051860  3.0155411  0.0107578  0.0000000  6.3314849
    118    H  0.8649746  0.0104965  0.0000000  0.0000000  0.8754711
    119    H  0.8110983  0.0108778  0.0000000  0.0000000  0.8219760
    120    C  3.1559870  2.7412125  0.0123485  0.0000000  5.9095480
    121    C  3.2191150  2.8873883  0.0049235  0.0000000  6.1114268
    122    H  0.8935823  0.0115935  0.0000000  0.0000000  0.9051757
    123    C  3.2242638  2.8852101  0.0034194  0.0000000  6.1128933
    124    H  0.8699564  0.0139622  0.0000000  0.0000000  0.8839186
    125    C  3.2195133  2.8859266  0.0044753  0.0000000  6.1099152
    126    H  0.8755649  0.0116806  0.0000000  0.0000000  0.8872455
    127    C  3.2362991  2.8913601  0.0039703  0.0000000  6.1316296
    128    H  0.9064490  0.0115705  0.0000000  0.0000000  0.9180195
    129    C  3.2312465  2.8985326  0.0040929  0.0000000  6.1338720
    130    H  0.8348407  0.0123878  0.0000000  0.0000000  0.8472285
    131    C  3.0666889  2.3507023  0.0678995  0.0000000  5.4852907
    132    O  3.9658053  4.4566561 -0.0056744  0.0000000  8.4167870
    133    N  3.7462036  3.7651263 -0.0131739  0.0000000  7.4981560
    134    C  3.1934218  2.5851523  0.0321143  0.0000000  5.8106885
    135    C  3.2747221  3.0122358  0.0098899  0.0000000  6.2968478
    136    C  3.3331623  3.0408419  0.0152542  0.0000000  6.3892585
    137    S  5.8418416 10.0056645  0.0549593  0.0000000 15.9024654
    138    C  3.3502440  3.1956463  0.0069842  0.0000000  6.5528745
    139    H  0.8589222  0.0102890  0.0000000  0.0000000  0.8692113
    140    H  0.8086165  0.0132957  0.0000000  0.0000000  0.8219123
    141    H  0.7882329  0.0119237  0.0000000  0.0000000  0.8001566
    142    H  0.8610882  0.0111295  0.0000000  0.0000000  0.8722177
    143    H  0.7821943  0.0116149  0.0000000  0.0000000  0.7938091
    144    H  0.7971533  0.0114241  0.0000000  0.0000000  0.8085774
    145    H  0.8182400  0.0126384  0.0000000  0.0000000  0.8308784
    146    C  2.9511408  2.5057865  0.0494115  0.0000000  5.5063387
    147    N  3.8673072  3.6506177 -0.0036776  0.0000000  7.5142473
    148    C  3.1069599  2.7628207  0.0285864  0.0000000  5.8983670
    149    C  3.2753303  2.8939580  0.0064122  0.0000000  6.1757005
    150    C  3.1590501  2.8012819  0.0134782  0.0000000  5.9738101
    151    C  3.2311659  2.8810057  0.0060425  0.0000000  6.1182141
    152    C  3.2409964  2.8960137  0.0041892  0.0000000  6.1411992
    153    C  3.1290386  2.4391322  0.0475798  0.0000000  5.6157507
    154    C  3.2476445  2.9040082  0.0029661  0.0000000  6.1546189
    155    C  3.2466673  2.9209954  0.0060381  0.0000000  6.1737008
    156    H  0.8209931  0.0113541  0.0000000  0.0000000  0.8323471
    157    H  0.8387219  0.0137436  0.0000000  0.0000000  0.8524655
    158    O  3.9729959  4.6512382 -0.0149286  0.0000000  8.6093056
    159    H  0.8862898  0.0122343  0.0000000  0.0000000  0.8985240
    160    H  0.8638077  0.0125466  0.0000000  0.0000000  0.8763543
    161    H  0.8818975  0.0128262  0.0000000  0.0000000  0.8947237
    162    C  2.9891580  2.3713501  0.0723960  0.0000000  5.4329041
    163    O  3.9832768  4.6158357 -0.0144467  0.0000000  8.5846659
    164    N  3.6434203  3.8582228  0.0093745  0.0000000  7.5110176
    165    C  3.2403150  2.9393900  0.0283145  0.0000000  6.2080195
    166    C  2.9811059  2.3777953  0.0771179  0.0000000  5.4360192
    167    O  3.9610199  4.5657027 -0.0076091  0.0000000  8.5191135
    168    H  0.8262072  0.0121901  0.0000000  0.0000000  0.8383973
    169    H  0.8425311  0.0119655  0.0000000  0.0000000  0.8544965
    170    N  3.6148555  3.9100124 -0.0042460  0.0000000  7.5206219
    171    H  0.6422775  0.0273368  0.0000000  0.0000000  0.6696142
    172    C  3.2501268  2.8059199  0.0298767  0.0000000  6.0859233
    173    H  0.8102478  0.0108795  0.0000000  0.0000000  0.8211273
    174    C  3.2145392  2.7532507  0.0386305  0.0000000  6.0064204
    175    H  0.8520393  0.0106217  0.0000000  0.0000000  0.8626610
    176    H  0.8670640  0.0094298  0.0000000  0.0000000  0.8764938
    177    O  3.8581170  4.6916458  0.0000379  0.0000000  8.5498007
    178    H  0.6291579  0.0401832  0.0000000  0.0000000  0.6693411
    179    C  3.0186820  2.3875681  0.0709472  0.0000000  5.4771973
    180    O  3.9336269  4.6485146 -0.0113037  0.0000000  8.5708379
    181    N  3.5890555  3.9042754 -0.0032500  0.0000000  7.4900810
    182    H  0.6617434  0.0294516  0.0000000  0.0000000  0.6911951
    183    C  3.2308986  2.9006457  0.0263525  0.0000000  6.1578969
    184    H  0.8731033  0.0117543  0.0000000  0.0000000  0.8848576
    185    C  3.2585048  2.9944840  0.0093404  0.0000000  6.2623292
    186    H  0.8908248  0.0112361  0.0000000  0.0000000  0.9020609
    187    H  0.8241163  0.0133997  0.0000000  0.0000000  0.8375159
    188    C  3.2666111  2.9792433  0.0095803  0.0000000  6.2554347
    189    H  0.8578115  0.0124053  0.0000000  0.0000000  0.8702168
    190    H  0.8722278  0.0109202  0.0000000  0.0000000  0.8831480
    191    C  3.2742392  2.9587384  0.0095150  0.0000000  6.2424926
    192    H  0.8362054  0.0117678  0.0000000  0.0000000  0.8479732
    193    H  0.8559338  0.0110979  0.0000000  0.0000000  0.8670316
    194    C  3.2357665  2.8989781  0.0259140  0.0000000  6.1606585
    195    H  0.8243564  0.0132267  0.0000000  0.0000000  0.8375831
    196    H  0.8310222  0.0101377  0.0000000  0.0000000  0.8411599
    197    N  3.6138025  3.9531771 -0.0083928  0.0000000  7.5585868
    198    H  0.6236397  0.0264075  0.0000000  0.0000000  0.6500472
    199    H  0.6148697  0.0262869  0.0000000  0.0000000  0.6411566
    200    H  0.6419485  0.0237953  0.0000000  0.0000000  0.6657438
    201    C  3.2852359  3.1464779  0.0042797  0.0000000  6.4359935
    202    H  0.8683860  0.0101109  0.0000000  0.0000000  0.8784969
    203    H  0.8344003  0.0112738  0.0000000  0.0000000  0.8456742
    204    C  3.1635484  2.7551882  0.0130656  0.0000000  5.9318022
    205    C  3.2040831  2.9307384  0.0047141  0.0000000  6.1395355
    206    H  0.9052726  0.0124052  0.0000000  0.0000000  0.9176777
    207    C  3.2300274  2.8970120  0.0049427  0.0000000  6.1319822
    208    H  0.8668066  0.0123745  0.0000000  0.0000000  0.8791811
    209    C  3.2046612  2.8522009  0.0051608  0.0000000  6.0620229
    210    H  0.8516219  0.0124876  0.0000000  0.0000000  0.8641095
    211    C  3.2256023  2.8987805  0.0053120  0.0000000  6.1296948
    212    H  0.8797905  0.0128852  0.0000000  0.0000000  0.8926757
    213    C  3.1837171  2.9022493  0.0055568  0.0000000  6.0915232
    214    H  0.8500883  0.0130339  0.0000000  0.0000000  0.8631222
    215    C  3.2749016  3.1370422  0.0036891  0.0000000  6.4156330
    216    H  0.8405953  0.0117422  0.0000000  0.0000000  0.8523375
    217    H  0.8308024  0.0124051  0.0000000  0.0000000  0.8432075
    218    C  3.1519313  2.8144994  0.0145322  0.0000000  5.9809629
    219    C  3.1389289  2.7663520  0.0190043  0.0000000  5.9242852
    220    H  0.8575768  0.0138106  0.0000000  0.0000000  0.8713874
    221    N  3.7173098  3.9310530 -0.0005470  0.0000000  7.6478159
    222    H  0.6637527  0.0260590  0.0000000  0.0000000  0.6898118
    223    C  3.0913096  2.5779373  0.0280778  0.0000000  5.6973246
    224    C  3.2063198  2.9108564  0.0045449  0.0000000  6.1217211
    225    H  0.8582586  0.0133551  0.0000000  0.0000000  0.8716137
    226    C  3.2290433  2.8989027  0.0054620  0.0000000  6.1334079
    227    H  0.8759785  0.0118952  0.0000000  0.0000000  0.8878737
    228    C  3.2053804  2.9374527  0.0049602  0.0000000  6.1477933
    229    H  0.9302203  0.0123990  0.0000000  0.0000000  0.9426193
    230    C  3.2084313  2.9509785  0.0070297  0.0000000  6.1664394
    231    H  0.9141514  0.0121706  0.0000000  0.0000000  0.9263221
    232    C  3.1583254  2.8109669  0.0173987  0.0000000  5.9866910
    233    C  3.2932875  3.0291901  0.0008985  0.0000000  6.3233761
    234    H  0.8031127  0.0119095  0.0000000  0.0000000  0.8150222
    235    H  0.8225693  0.0108015  0.0000000  0.0000000  0.8333708
    236    C  3.2731808  2.9896881  0.0094033  0.0000000  6.2722722
    237    H  0.8630980  0.0108847  0.0000000  0.0000000  0.8739827
    238    H  0.8334748  0.0115518  0.0000000  0.0000000  0.8450266
    239    C  3.2268670  2.8500071  0.0221962  0.0000000  6.0990703
    240    H  0.8268135  0.0117335  0.0000000  0.0000000  0.8385470
    241    H  0.8313044  0.0109535  0.0000000  0.0000000  0.8422578
    242    N  3.6131142  3.9751091 -0.0026051  0.0000000  7.5856182
    243    H  0.6291405  0.0261159  0.0000000  0.0000000  0.6552563
    244    C  2.8537819  2.2856681  0.0785793  0.0000000  5.2180293
    245    N  3.6245780  4.0220308 -0.0142695  0.0000000  7.6323393
    246    H  0.6567797  0.0264121  0.0000000  0.0000000  0.6831918
    247    H  0.6302530  0.0253889  0.0000000  0.0000000  0.6556419
    248    N  3.6298619  4.0291373 -0.0146264  0.0000000  7.6443729
    249    H  0.6378841  0.0246240  0.0000000  0.0000000  0.6625081
    250    H  0.6304199  0.0289762  0.0000000  0.0000000  0.6593961
    251    C  3.2982940  3.0544270  0.0025693  0.0000000  6.3552903
    252    H  0.8510066  0.0111583  0.0000000  0.0000000  0.8621649
    253    H  0.8115516  0.0119248  0.0000000  0.0000000  0.8234764
    254    C  3.2638819  3.0316309  0.0109407  0.0000000  6.3064534
    255    H  0.8379082  0.0113885  0.0000000  0.0000000  0.8492967
    256    H  0.8665919  0.0107090  0.0000000  0.0000000  0.8773009
    257    C  2.9917815  2.4393995  0.0769332  0.0000000  5.5081142
    258    O  3.9339997  4.5741697 -0.0069671  0.0000000  8.5012024
    259    N  3.6028181  3.9859585 -0.0117245  0.0000000  7.5770521
    260    H  0.6879682  0.0241777  0.0000000  0.0000000  0.7121459
    261    H  0.6830221  0.0246214  0.0000000  0.0000000  0.7076435
    262    C  3.0679522  2.5350978  0.0657393  0.0000000  5.6687893
    263    O  3.9124488  4.6063231 -0.0052130  0.0000000  8.5135589
    264    N  3.5425501  3.8977881 -0.0020882  0.0000000  7.4382499
    265    H  0.6271296  0.0262324  0.0000000  0.0000000  0.6533620
    266    C  3.2416594  2.8120926  0.0325597  0.0000000  6.0863117
    267    H  0.8216070  0.0103868  0.0000000  0.0000000  0.8319938
    268    C  3.2717401  2.9656633  0.0100754  0.0000000  6.2474788
    269    H  0.8664118  0.0112633  0.0000000  0.0000000  0.8776752
    270    H  0.8260099  0.0111160  0.0000000  0.0000000  0.8371259
    271    C  3.2664316  3.0009452  0.0100193  0.0000000  6.2773961
    272    H  0.9428379  0.0108823  0.0000000  0.0000000  0.9537202
    273    H  0.8242122  0.0121072  0.0000000  0.0000000  0.8363194
    274    C  3.0180490  2.3792325  0.0817473  0.0000000  5.4790288
    275    O  3.9070102  4.8971735 -0.0244436  0.0000000  8.7797401
    276    O  3.9000561  4.7493900 -0.0160184  0.0000000  8.6334277
    277    C  3.0478761  2.3225154  0.0645630  0.0000000  5.4349546
    278    O  3.9641411  4.6235716 -0.0133797  0.0000000  8.5743330
    279    N  3.5738951  3.8817633 -0.0044502  0.0000000  7.4512082
    280    H  0.7033550  0.0276027  0.0000000  0.0000000  0.7309576
    281    C  3.2275395  2.8181011  0.0330920  0.0000000  6.0787326
    282    H  0.8103125  0.0108661  0.0000000  0.0000000  0.8211786
    283    C  3.3086911  3.0539729  0.0026727  0.0000000  6.3653366
    284    H  0.8864005  0.0109587  0.0000000  0.0000000  0.8973591
    285    H  0.8746895  0.0103626  0.0000000  0.0000000  0.8850521
    286    H  0.8314429  0.0106059  0.0000000  0.0000000  0.8420488
    287    C  3.0205024  2.3218396  0.0722046  0.0000000  5.4145465
    288    O  3.9103661  4.6977902 -0.0131099  0.0000000  8.5950464
    289    N  3.6161393  3.9088438 -0.0048442  0.0000000  7.5201390
    290    H  0.6692291  0.0277491  0.0000000  0.0000000  0.6969783
    291    C  3.2551019  2.9139645  0.0218592  0.0000000  6.1909256
    292    H  0.8494309  0.0117938  0.0000000  0.0000000  0.8612247
    293    C  3.3456058  3.0398477  0.0130416  0.0000000  6.3984951
    294    H  0.8682724  0.0104779  0.0000000  0.0000000  0.8787504
    295    H  0.7750270  0.0118549  0.0000000  0.0000000  0.7868819
    296    S  5.8623123 10.2202027  0.0350983  0.0000000 16.1176132
    297    H  0.9255069  0.0168721  0.0000000  0.0000000  0.9423791
    298    C  3.2505840  3.1119509  0.0027310  0.0000000  6.3652660
    299    H  0.8431209  0.0127830  0.0000000  0.0000000  0.8559039
    300    H  0.8433210  0.0124143  0.0000000  0.0000000  0.8557352
    301    C  3.3033485  3.0848480  0.0175744  0.0000000  6.4057709
    302    H  0.7756343  0.0126121  0.0000000  0.0000000  0.7882464
    303    H  0.8366797  0.0119747  0.0000000  0.0000000  0.8486543
    304    S  5.8422334  9.9724147  0.0541736  0.0000000 15.8688216
    305    C  3.3537623  3.1888617  0.0057904  0.0000000  6.5484144
    306    H  0.8521307  0.0121603  0.0000000  0.0000000  0.8642910
    307    H  0.8328879  0.0120683  0.0000000  0.0000000  0.8449562
    308    H  0.7852989  0.0118171  0.0000000  0.0000000  0.7971160
    309    C  3.2713100  3.0989409  0.0026145  0.0000000  6.3728654
    310    H  0.8661863  0.0103222  0.0000000  0.0000000  0.8765084
    311    H  0.8170245  0.0110238  0.0000000  0.0000000  0.8280482
    312    C  3.3305089  3.0210640  0.0143442  0.0000000  6.3659171
    313    H  0.8155282  0.0125385  0.0000000  0.0000000  0.8280667
    314    H  0.8418805  0.0120805  0.0000000  0.0000000  0.8539610
    315    S  5.8261683 10.0949041  0.0513543  0.0000000 15.9724267
    316    C  3.3579261  3.1766263  0.0074141  0.0000000  6.5419664
    317    H  0.8126543  0.0115388  0.0000000  0.0000000  0.8241930
    318    H  0.8112226  0.0122905  0.0000000  0.0000000  0.8235132
    319    H  0.8007419  0.0116902  0.0000000  0.0000000  0.8124320
    320    C  3.2417963  3.1708668  0.0058387  0.0000000  6.4185018
    321    H  0.8465979  0.0117325  0.0000000  0.0000000  0.8583304
    322    H  0.8503065  0.0118880  0.0000000  0.0000000  0.8621945
    323    C  3.1282285  2.7609464  0.0138678  0.0000000  5.9030428
    324    C  3.2150153  2.9232746  0.0060732  0.0000000  6.1443631
    325    H  0.8965513  0.0117334  0.0000000  0.0000000  0.9082846
    326    C  3.2121485  2.9200276  0.0044942  0.0000000  6.1366703
    327    H  0.8571200  0.0130006  0.0000000  0.0000000  0.8701207
    328    C  3.1182868  2.5244916  0.0386483  0.0000000  5.6814267
    329    O  3.9006123  4.6890139 -0.0026987  0.0000000  8.5869276
    330    H  0.5085659  0.0392817  0.0000000  0.0000000  0.5478476
    331    C  3.2174101  2.9846989  0.0039400  0.0000000  6.2060491
    332    H  0.8543450  0.0125239  0.0000000  0.0000000  0.8668689
    333    C  3.1985473  2.9579303  0.0057009  0.0000000  6.1621785
    334    H  0.8688760  0.0127018  0.0000000  0.0000000  0.8815778
    335    C  3.0577214  2.5685041  0.0690762  0.0000000  5.6953016
    336    O  3.9072033  4.6083955 -0.0044582  0.0000000  8.5111406
    337    N  3.5389668  3.9031750 -0.0043759  0.0000000  7.4377659
    338    H  0.6120083  0.0274636  0.0000000  0.0000000  0.6394718
    339    C  3.2084190  2.8829486  0.0316740  0.0000000  6.1230415
    340    H  0.7805425  0.0127172  0.0000000  0.0000000  0.7932597
    341    C  3.1643466  2.6489604  0.0475382  0.0000000  5.8608452
    342    H  0.8664450  0.0112271  0.0000000  0.0000000  0.8776721
    343    C  3.2800172  3.0985997  0.0017540  0.0000000  6.3803708
    344    H  0.8240326  0.0121478  0.0000000  0.0000000  0.8361804
    345    H  0.8960824  0.0109224  0.0000000  0.0000000  0.9070048
    346    H  0.8398946  0.0116501  0.0000000  0.0000000  0.8515447
    347    O  3.8784785  4.6398051  0.0009837  0.0000000  8.5192673
    348    H  0.6494059  0.0388177  0.0000000  0.0000000  0.6882236
    349    C  3.0148091  2.3505383  0.0741823  0.0000000  5.4395296
    350    O  3.9419899  4.6567809 -0.0134352  0.0000000  8.5853356
    351    N  3.6255025  3.8952137 -0.0057322  0.0000000  7.5149840
    352    H  0.6342575  0.0263852  0.0000000  0.0000000  0.6606426
    353    C  3.2440258  2.8106026  0.0307347  0.0000000  6.0853631
    354    H  0.8133818  0.0109974  0.0000000  0.0000000  0.8243792
    355    C  3.2401051  2.9639351  0.0106410  0.0000000  6.2146813
    356    H  0.8478628  0.0115598  0.0000000  0.0000000  0.8594226
    357    H  0.8571393  0.0122480  0.0000000  0.0000000  0.8693873
    358    C  3.2811838  2.9461025  0.0095421  0.0000000  6.2368283
    359    H  0.8611005  0.0110436  0.0000000  0.0000000  0.8721441
    360    H  0.8421818  0.0108113  0.0000000  0.0000000  0.8529931
    361    C  3.2633221  2.9695961  0.0100159  0.0000000  6.2429341
    362    H  0.8338640  0.0123351  0.0000000  0.0000000  0.8461991
    363    H  0.8099004  0.0112916  0.0000000  0.0000000  0.8211920
    364    C  3.2737378  2.9078747  0.0236324  0.0000000  6.2052449
    365    H  0.7905429  0.0104252  0.0000000  0.0000000  0.8009682
    366    H  0.7629045  0.0116234  0.0000000  0.0000000  0.7745279
    367    N  3.6068245  3.9844800 -0.0021362  0.0000000  7.5891683
    368    H  0.5484976  0.0231050  0.0000000  0.0000000  0.5716027
    369    H  0.5685104  0.0237207  0.0000000  0.0000000  0.5922312
    370    H  0.5887202  0.0227054  0.0000000  0.0000000  0.6114256
    371    C  2.9990789  2.3713936  0.0735072  0.0000000  5.4439797
    372    O  3.9458576  4.5783263 -0.0081449  0.0000000  8.5160391
    373    N  3.6069761  3.8911194 -0.0022947  0.0000000  7.4958008
    374    H  0.6816676  0.0253915  0.0000000  0.0000000  0.7070591
    375    C  3.2583584  2.9130531  0.0213869  0.0000000  6.1927984
    376    H  0.8685662  0.0114217  0.0000000  0.0000000  0.8799879
    377    C  3.2670017  2.9503551  0.0092569  0.0000000  6.2266137
    378    H  0.8776013  0.0128271  0.0000000  0.0000000  0.8904284
    379    H  0.8658334  0.0112642  0.0000000  0.0000000  0.8770975
    380    C  3.2462840  2.8461588  0.0173555  0.0000000  6.1097984
    381    H  0.8411971  0.0107214  0.0000000  0.0000000  0.8519185
    382    C  3.2525650  3.1199952  0.0029778  0.0000000  6.3755380
    383    H  0.9146926  0.0116992  0.0000000  0.0000000  0.9263918
    384    H  0.8395539  0.0127761  0.0000000  0.0000000  0.8523300
    385    H  0.8668377  0.0130029  0.0000000  0.0000000  0.8798406
    386    C  3.2816983  3.1100545  0.0013794  0.0000000  6.3931322
    387    H  0.9060886  0.0122997  0.0000000  0.0000000  0.9183883
    388    H  0.8720745  0.0112323  0.0000000  0.0000000  0.8833068
    389    H  0.8559411  0.0120271  0.0000000  0.0000000  0.8679682
    390    C  3.0948080  2.5287219  0.0603343  0.0000000  5.6838642
    391    O  3.9247337  4.6310380 -0.0080755  0.0000000  8.5476962
    392    N  3.5688925  3.9195526 -0.0049332  0.0000000  7.4835119
    393    H  0.5953769  0.0272362  0.0000000  0.0000000  0.6226131
    394    C  3.2367528  2.8109570  0.0324941  0.0000000  6.0802039
    395    H  0.7958172  0.0113283  0.0000000  0.0000000  0.8071455
    396    C  3.2688096  2.9565052  0.0084238  0.0000000  6.2337386
    397    H  0.8202676  0.0112010  0.0000000  0.0000000  0.8314686
    398    H  0.8389856  0.0129619  0.0000000  0.0000000  0.8519476
    399    C  3.2860007  3.0386984  0.0085961  0.0000000  6.3332952
    400    H  0.7888591  0.0120321  0.0000000  0.0000000  0.8008912
    401    H  0.8215592  0.0118772  0.0000000  0.0000000  0.8334365
    402    C  3.0175785  2.3731962  0.0725160  0.0000000  5.4632907
    403    O  3.9219982  4.6851369 -0.0093807  0.0000000  8.5977544
    404    N  3.6265748  3.9722377 -0.0147246  0.0000000  7.5840878
    405    H  0.6653114  0.0284316  0.0000000  0.0000000  0.6937430
    406    H  0.6847175  0.0226509  0.0000000  0.0000000  0.7073684
    407    C  3.0137621  2.3758878  0.0735696  0.0000000  5.4632195
    408    O  3.9426932  4.6310971 -0.0116033  0.0000000  8.5621870
    409    N  3.5970440  3.9098526 -0.0037969  0.0000000  7.5030997
    410    H  0.6121481  0.0259347  0.0000000  0.0000000  0.6380828
    411    C  3.2363799  2.7995960  0.0322268  0.0000000  6.0682027
    412    H  0.8301644  0.0110560  0.0000000  0.0000000  0.8412204
    413    C  3.2563160  2.9925755  0.0106518  0.0000000  6.2595433
    414    H  0.8659586  0.0112747  0.0000000  0.0000000  0.8772333
    415    H  0.8488497  0.0129372  0.0000000  0.0000000  0.8617869
    416    C  3.1935781  2.7906466  0.0099346  0.0000000  5.9941593
    417    C  3.2273533  2.9218146  0.0043540  0.0000000  6.1535219
    418    H  0.8665719  0.0129390  0.0000000  0.0000000  0.8795109
    419    C  3.2159976  2.9401924  0.0041168  0.0000000  6.1603069
    420    H  0.8416934  0.0115928  0.0000000  0.0000000  0.8532862
    421    C  3.1262372  2.5377017  0.0375760  0.0000000  5.7015149
    422    O  3.8765786  4.6839708 -0.0008819  0.0000000  8.5596675
    423    H  0.5930667  0.0423561  0.0000000  0.0000000  0.6354228
    424    C  3.2234951  2.9601899  0.0035523  0.0000000  6.1872372
    425    H  0.8358792  0.0130371  0.0000000  0.0000000  0.8489163
    426    C  3.2377494  2.8786063  0.0048057  0.0000000  6.1211614
    427    H  0.8299931  0.0114687  0.0000000  0.0000000  0.8414618
    428    C  2.9764242  2.3815745  0.0805290  0.0000000  5.4385277
    429    O  3.9296147  4.5736874 -0.0072884  0.0000000  8.4960138
    430    N  3.6025952  3.9151472 -0.0049673  0.0000000  7.5127752
    431    H  0.6452110  0.0262383  0.0000000  0.0000000  0.6714493
    432    C  3.2246205  2.8531169  0.0345995  0.0000000  6.1123369
    433    H  0.8081224  0.0121768  0.0000000  0.0000000  0.8202992
    434    C  3.2664596  2.9174622  0.0091205  0.0000000  6.1930423
    435    H  0.8499891  0.0114346  0.0000000  0.0000000  0.8614237
    436    H  0.8638042  0.0121780  0.0000000  0.0000000  0.8759822
    437    C  3.2873477  3.0309809  0.0091932  0.0000000  6.3275217
    438    H  0.8260043  0.0127746  0.0000000  0.0000000  0.8387789
    439    H  0.8680247  0.0123497  0.0000000  0.0000000  0.8803744
    440    C  3.0158712  2.3477260  0.0954552  0.0000000  5.4590524
    441    O  3.9426693  4.6282242 -0.0118343  0.0000000  8.5590592
    442    O  3.9225631  4.6837838 -0.0122910  0.0000000  8.5940559
    443    C  3.0195252  2.3067146  0.0709281  0.0000000  5.3971679
    444    O  3.9318122  4.6621930 -0.0101229  0.0000000  8.5838823
    445    N  3.6109929  3.9087764 -0.0060605  0.0000000  7.5137088
    446    H  0.6440912  0.0281162  0.0000000  0.0000000  0.6722074
    447    C  3.2099513  2.8072698  0.0329711  0.0000000  6.0501922
    448    H  0.8478108  0.0117742  0.0000000  0.0000000  0.8595850
    449    C  3.2677470  2.9225740  0.0097768  0.0000000  6.2000978
    450    H  0.8736923  0.0108153  0.0000000  0.0000000  0.8845076
    451    H  0.8692563  0.0100029  0.0000000  0.0000000  0.8792592
    452    C  3.2732472  2.9535405  0.0085717  0.0000000  6.2353594
    453    H  0.8146444  0.0119260  0.0000000  0.0000000  0.8265703
    454    H  0.8146598  0.0107820  0.0000000  0.0000000  0.8254418
    455    C  3.2759243  2.8685341  0.0226981  0.0000000  6.1671565
    456    H  0.8450323  0.0106451  0.0000000  0.0000000  0.8556773
    457    H  0.8610606  0.0100111  0.0000000  0.0000000  0.8710717
    458    N  3.6145882  3.9185832 -0.0023067  0.0000000  7.5308648
    459    H  0.6484641  0.0258309  0.0000000  0.0000000  0.6742950
    460    C  2.8293725  2.3155957  0.0807367  0.0000000  5.2257049
    461    N  3.6160444  4.0606232 -0.0128619  0.0000000  7.6638057
    462    H  0.6061425  0.0250703  0.0000000  0.0000000  0.6312128
    463    H  0.6197453  0.0247842  0.0000000  0.0000000  0.6445295
    464    N  3.6101570  4.0300359 -0.0129576  0.0000000  7.6272354
    465    H  0.5890247  0.0274551  0.0000000  0.0000000  0.6164798
    466    H  0.6361824  0.0259114  0.0000000  0.0000000  0.6620939
    467    C  3.0160786  2.3645808  0.0709838  0.0000000  5.4516432
    468    O  3.9481161  4.5710890 -0.0077909  0.0000000  8.5114142
    469    N  3.6186071  3.9067135 -0.0021598  0.0000000  7.5231608
    470    H  0.6239694  0.0244876  0.0000000  0.0000000  0.6484570
    471    C  3.2490110  2.9027644  0.0215776  0.0000000  6.1733530
    472    H  0.8370810  0.0120841  0.0000000  0.0000000  0.8491650
    473    C  3.2681046  3.0111195  0.0106104  0.0000000  6.2898345
    474    H  0.8939711  0.0116703  0.0000000  0.0000000  0.9056414
    475    H  0.8456171  0.0114634  0.0000000  0.0000000  0.8570805
    476    C  3.0186133  2.4002025  0.0763410  0.0000000  5.4951568
    477    O  3.9325363  4.6098656 -0.0087975  0.0000000  8.5336044
    478    N  3.5877738  4.0263837 -0.0162001  0.0000000  7.5979573
    479    H  0.6793275  0.0283576  0.0000000  0.0000000  0.7076850
    480    H  0.6264550  0.0268085  0.0000000  0.0000000  0.6532635
    481    H  0.9118115  0.0114868  0.0000000  0.0000000  0.9232983
    482    H  0.9084772  0.0110081  0.0000000  0.0000000  0.9194853
    483    H  0.6294263  0.0124102  0.0000000  0.0000000  0.6418365
    484    H  0.9214840  0.0118026  0.0000000  0.0000000  0.9332866
    485    H  0.8592932  0.0110747  0.0000000  0.0000000  0.8703679
    486    H  0.6047032  0.0131114  0.0000000  0.0000000  0.6178146
    487    H  0.9367669  0.0115497  0.0000000  0.0000000  0.9483165
    488    H  0.9264153  0.0115543  0.0000000  0.0000000  0.9379696
    489    H  1.0288892  0.0116579  0.0000000  0.0000000  1.0405470
    490    H  0.9386622  0.0113890  0.0000000  0.0000000  0.9500513
    491    H  0.8770519  0.0110949  0.0000000  0.0000000  0.8881467
    492    H  0.5850704  0.0129408  0.0000000  0.0000000  0.5980112
    493    H  0.9473743  0.0116749  0.0000000  0.0000000  0.9590492
    494    H  0.9070645  0.0115957  0.0000000  0.0000000  0.9186602
    495    H  0.9298892  0.0116080  0.0000000  0.0000000  0.9414972
    496    H  0.8560203  0.0112208  0.0000000  0.0000000  0.8672411
    497    H  0.6056283  0.0127833  0.0000000  0.0000000  0.6184116
    498    H  0.8295070  0.0114662  0.0000000  0.0000000  0.8409732
    499    H  0.6185228  0.0127468  0.0000000  0.0000000  0.6312697
------------ ---------- ---------- ---------- ---------- ----------
  Total                                                   1856.0000000
