  Atom           S          P          D          F        Total
      1    C  3.2739065  3.1544348  0.0041281  0.0000000  6.4324694
      2    H  0.8361499  0.0118334  0.0000000  0.0000000  0.8479833
      3    H  0.8555231  0.0112413  0.0000000  0.0000000  0.8667644
      4    C  3.1561639  2.7480156  0.0125313  0.0000000  5.9167108
      5    C  3.2132038  2.9054565  0.0038129  0.0000000  6.1224732
      6    H  0.9266491  0.0125911  0.0000000  0.0000000  0.9392403
      7    C  3.2257168  2.8750330  0.0047237  0.0000000  6.1054735
      8    H  0.8925679  0.0119176  0.0000000  0.0000000  0.9044856
      9    C  3.2216129  2.8781702  0.0048807  0.0000000  6.1046637
     10    H  0.8571444  0.0121566  0.0000000  0.0000000  0.8693010
     11    C  3.2212535  2.8713504  0.0050744  0.0000000  6.0976783
     12    H  0.8395391  0.0124125  0.0000000  0.0000000  0.8519516
     13    C  3.2008803  2.9490035  0.0052736  0.0000000  6.1551575
     14    H  0.8701669  0.0115143  0.0000000  0.0000000  0.8816812
     15    C  3.0470003  2.4992364  0.0664862  0.0000000  5.6127229
     16    O  3.8815365  4.6548125 -0.0045915  0.0000000  8.5317574
     17    N  3.5834791  3.8946749 -0.0056538  0.0000000  7.4725001
     18    H  0.6505086  0.0275905  0.0000000  0.0000000  0.6780991
     19    C  3.2198686  2.7949418  0.0301969  0.0000000  6.0450072
     20    H  0.8121208  0.0128399  0.0000000  0.0000000  0.8249607
     21    C  3.2605272  2.9753318  0.0087234  0.0000000  6.2445824
     22    H  0.8397274  0.0118822  0.0000000  0.0000000  0.8516096
     23    H  0.8436681  0.0116790  0.0000000  0.0000000  0.8553471
     24    C  3.2851185  3.0240855  0.0091711  0.0000000  6.3183751
     25    H  0.8148819  0.0111976  0.0000000  0.0000000  0.8260795
     26    H  0.8384398  0.0112706  0.0000000  0.0000000  0.8497104
     27    C  3.0274016  2.3768690  0.0698713  0.0000000  5.4741419
     28    O  3.9593882  4.6443404 -0.0114439  0.0000000  8.5922846
     29    N  3.6129774  3.9761545 -0.0166610  0.0000000  7.5724709
     30    H  0.6516114  0.0306957  0.0000000  0.0000000  0.6823071
     31    H  0.6693025  0.0276674  0.0000000  0.0000000  0.6969699
     32    C  3.0432618  2.3802400  0.0712113  0.0000000  5.4947130
     33    O  3.9549636  4.5634072 -0.0079800  0.0000000  8.5103908
     34    N  3.5957607  3.9129502 -0.0038698  0.0000000  7.5048411
     35    H  0.6545798  0.0249557  0.0000000  0.0000000  0.6795354
     36    C  3.2032094  2.8157608  0.0322137  0.0000000  6.0511839
     37    H  0.8189514  0.0129242  0.0000000  0.0000000  0.8318756
     38    C  3.1877713  2.6534122  0.0444844  0.0000000  5.8856679
     39    H  0.8773744  0.0107210  0.0000000  0.0000000  0.8880954
     40    C  3.2906932  3.0620063  0.0016328  0.0000000  6.3543322
     41    H  0.8691628  0.0114541  0.0000000  0.0000000  0.8806169
     42    H  0.8522346  0.0123521  0.0000000  0.0000000  0.8645867
     43    H  0.8525035  0.0117336  0.0000000  0.0000000  0.8642371
     44    O  3.8817647  4.7094615 -0.0029534  0.0000000  8.5882728
     45    H  0.5982099  0.0367743  0.0000000  0.0000000  0.6349842
     46    C  3.0028457  2.4075400  0.0757447  0.0000000  5.4861304
     47    O  3.9158822  4.6350691 -0.0095369  0.0000000  8.5414144
     48    N  3.6071529  3.9076951 -0.0034826  0.0000000  7.5113654
     49    H  0.6730863  0.0255111  0.0000000  0.0000000  0.6985975
     50    C  3.2433397  2.9097140  0.0232742  0.0000000  6.1763278
     51    H  0.8776011  0.0103300  0.0000000  0.0000000  0.8879311
     52    C  3.3069356  3.0803367  0.0022586  0.0000000  6.3895309
     53    H  0.8722402  0.0107086  0.0000000  0.0000000  0.8829489
     54    H  0.8755305  0.0103413  0.0000000  0.0000000  0.8858718
     55    H  0.8739261  0.0112896  0.0000000  0.0000000  0.8852158
     56    C  3.2567039  3.1109928  0.0037082  0.0000000  6.3714049
     57    H  0.8348547  0.0112857  0.0000000  0.0000000  0.8461404
     58    H  0.8797872  0.0116940  0.0000000  0.0000000  0.8914812
     59    C  3.2298149  2.8661940  0.0181450  0.0000000  6.1141539
     60    H  0.8686120  0.0121079  0.0000000  0.0000000  0.8807199
     61    C  3.2580433  3.1116761  0.0026238  0.0000000  6.3723433
     62    H  0.8488259  0.0128395  0.0000000  0.0000000  0.8616654
     63    H  0.8841779  0.0129358  0.0000000  0.0000000  0.8971137
     64    H  0.8573975  0.0111255  0.0000000  0.0000000  0.8685230
     65    C  3.2608521  3.0998850  0.0018838  0.0000000  6.3626209
     66    H  0.8812268  0.0113555  0.0000000  0.0000000  0.8925823
     67    H  0.8669409  0.0121561  0.0000000  0.0000000  0.8790970
     68    H  0.8208587  0.0138569  0.0000000  0.0000000  0.8347156
     69    C  3.0764367  2.5305162  0.0636252  0.0000000  5.6705780
     70    O  3.9324862  4.5500540 -0.0048286  0.0000000  8.4777115
     71    N  3.5819845  3.8868345 -0.0032512  0.0000000  7.4655678
     72    H  0.6284839  0.0251848  0.0000000  0.0000000  0.6536687
     73    C  3.2421431  2.8042192  0.0318236  0.0000000  6.0781859
     74    H  0.8379208  0.0108215  0.0000000  0.0000000  0.8487423
     75    C  3.2061204  2.8011159  0.0338380  0.0000000  6.0410743
     76    H  0.8329260  0.0114048  0.0000000  0.0000000  0.8443308
     77    H  0.8272762  0.0122764  0.0000000  0.0000000  0.8395526
     78    O  3.8797496  4.7236799 -0.0043058  0.0000000  8.5991237
     79    H  0.6296089  0.0408747  0.0000000  0.0000000  0.6704837
     80    C  3.0034655  2.3445625  0.0747569  0.0000000  5.4227848
     81    O  3.9586363  4.5805585 -0.0092814  0.0000000  8.5299135
     82    N  3.5823499  3.8185749  0.0082576  0.0000000  7.4091823
     83    C  3.2232939  2.8666515  0.0242250  0.0000000  6.1141704
     84    H  0.8493385  0.0101438  0.0000000  0.0000000  0.8594823
     85    H  0.8214428  0.0122623  0.0000000  0.0000000  0.8337051
     86    C  3.2743781  2.9860098  0.0091644  0.0000000  6.2695523
     87    H  0.8610975  0.0112868  0.0000000  0.0000000  0.8723843
     88    H  0.8031735  0.0117386  0.0000000  0.0000000  0.8149121
     89    C  3.2594548  3.0051327  0.0087297  0.0000000  6.2733172
     90    H  0.8500606  0.0117891  0.0000000  0.0000000  0.8618497
     91    H  0.8067857  0.0126557  0.0000000  0.0000000  0.8194414
     92    C  3.1903307  2.8228654  0.0348657  0.0000000  6.0480618
     93    H  0.7775252  0.0132017  0.0000000  0.0000000  0.7907269
     94    C  3.0147850  2.3485857  0.0755979  0.0000000  5.4389687
     95    O  3.9461548  4.5597597 -0.0073018  0.0000000  8.4986127
     96    N  3.6013936  3.9275000 -0.0048791  0.0000000  7.5240145
     97    H  0.6758066  0.0261866  0.0000000  0.0000000  0.7019932
     98    C  3.2259390  2.7910785  0.0323596  0.0000000  6.0493771
     99    H  0.7983245  0.0122553  0.0000000  0.0000000  0.8105798
    100    C  3.2594046  2.9451102  0.0098345  0.0000000  6.2143493
    101    H  0.8782064  0.0111429  0.0000000  0.0000000  0.8893494
    102    H  0.8577550  0.0107931  0.0000000  0.0000000  0.8685480
    103    C  3.2693409  3.0361941  0.0100019  0.0000000  6.3155369
    104    H  0.8266296  0.0112514  0.0000000  0.0000000  0.8378810
    105    H  0.8432682  0.0123566  0.0000000  0.0000000  0.8556248
    106    C  3.0188309  2.3717370  0.0712172  0.0000000  5.4617851
    107    O  3.9476871  4.5922217 -0.0084158  0.0000000  8.5314930
    108    N  3.5829709  4.0271885 -0.0127886  0.0000000  7.5973708
    109    H  0.6405725  0.0261741  0.0000000  0.0000000  0.6667466
    110    H  0.6732668  0.0252534  0.0000000  0.0000000  0.6985202
    111    C  3.0057442  2.3435195  0.0719809  0.0000000  5.4212446
    112    O  3.9542873  4.5851161 -0.0099107  0.0000000  8.5294926
    113    N  3.5998198  3.9154918 -0.0066405  0.0000000  7.5086711
    114    H  0.6909127  0.0271554  0.0000000  0.0000000  0.7180681
    115    C  3.2374580  2.7649592  0.0294122  0.0000000  6.0318294
    116    H  0.8122500  0.0108476  0.0000000  0.0000000  0.8230976
    117    C  3.2896762  3.0411245  0.0108901  0.0000000  6.3416908
    118    H  0.8490976  0.0122435  0.0000000  0.0000000  0.8613412
    119    H  0.8235440  0.0109051  0.0000000  0.0000000  0.8344491
    120    C  3.1577418  2.7401607  0.0120257  0.0000000  5.9099282
    121    C  3.1963998  2.8888676  0.0042166  0.0000000  6.0894840
    122    H  0.9034072  0.0141149  0.0000000  0.0000000  0.9175222
    123    C  3.2162597  2.8850006  0.0055228  0.0000000  6.1067831
    124    H  0.8777424  0.0129725  0.0000000  0.0000000  0.8907149
    125    C  3.1967844  2.9121833  0.0053662  0.0000000  6.1143338
    126    H  0.8756401  0.0125196  0.0000000  0.0000000  0.8881597
    127    C  3.2041000  2.9066978  0.0048620  0.0000000  6.1156598
    128    H  0.9083635  0.0134821  0.0000000  0.0000000  0.9218456
    129    C  3.1962944  2.9266248  0.0045064  0.0000000  6.1274256
    130    H  0.8696627  0.0136332  0.0000000  0.0000000  0.8832959
    131    C  3.0572837  2.3607156  0.0677432  0.0000000  5.4857425
    132    O  3.9669985  4.4698525 -0.0065229  0.0000000  8.4303282
    133    N  3.7424426  3.7380998 -0.0113307  0.0000000  7.4692117
    134    C  3.1663387  2.5717023  0.0348751  0.0000000  5.7729161
    135    C  3.2613999  3.0280925  0.0099404  0.0000000  6.2994328
    136    C  3.3328139  3.0511895  0.0162590  0.0000000  6.4002625
    137    S  5.8630973  9.9892502  0.0508180  0.0000000 15.9031655
    138    C  3.3848620  3.1672287  0.0030710  0.0000000  6.5551617
    139    H  0.8435462  0.0104941  0.0000000  0.0000000  0.8540403
    140    H  0.8053369  0.0121284  0.0000000  0.0000000  0.8174653
    141    H  0.7803904  0.0116386  0.0000000  0.0000000  0.7920290
    142    H  0.8777616  0.0108388  0.0000000  0.0000000  0.8886005
    143    H  0.7762530  0.0116699  0.0000000  0.0000000  0.7879229
    144    H  0.7802575  0.0110984  0.0000000  0.0000000  0.7913559
    145    H  0.8271546  0.0116906  0.0000000  0.0000000  0.8388452
    146    C  2.9853447  2.4958620  0.0461521  0.0000000  5.5273589
    147    N  3.8833611  3.6399254 -0.0040245  0.0000000  7.5192620
    148    C  3.0939220  2.7080654  0.0294038  0.0000000  5.8313912
    149    C  3.2820177  2.8510257  0.0054256  0.0000000  6.1384690
    150    C  3.2000420  2.8164141  0.0104689  0.0000000  6.0269249
    151    C  3.2592456  2.8711609  0.0050537  0.0000000  6.1354603
    152    C  3.2437679  2.8957196  0.0036242  0.0000000  6.1431117
    153    C  3.1088658  2.4705421  0.0503840  0.0000000  5.6297919
    154    C  3.2352842  2.8974995  0.0032491  0.0000000  6.1360328
    155    C  3.2799744  2.9118168  0.0041915  0.0000000  6.1959827
    156    H  0.8220472  0.0122747  0.0000000  0.0000000  0.8343219
    157    H  0.8446306  0.0133475  0.0000000  0.0000000  0.8579781
    158    O  3.9672887  4.6688375 -0.0148688  0.0000000  8.6212574
    159    H  0.8733311  0.0117231  0.0000000  0.0000000  0.8850542
    160    H  0.8736367  0.0117759  0.0000000  0.0000000  0.8854126
    161    H  0.8746307  0.0123703  0.0000000  0.0000000  0.8870010
    162    C  2.9687102  2.3781463  0.0704597  0.0000000  5.4173161
    163    O  3.9996857  4.6479845 -0.0167019  0.0000000  8.6309683
    164    N  3.6605929  3.8602956  0.0099229  0.0000000  7.5308114
    165    C  3.2692697  2.9468739  0.0246827  0.0000000  6.2408262
    166    C  2.9917482  2.3285137  0.0725822  0.0000000  5.3928441
    167    O  3.9777015  4.5393620 -0.0095858  0.0000000  8.5074776
    168    H  0.7960535  0.0132564  0.0000000  0.0000000  0.8093099
    169    H  0.8264788  0.0110961  0.0000000  0.0000000  0.8375749
    170    N  3.6254488  3.9244679 -0.0038146  0.0000000  7.5461021
    171    H  0.6698427  0.0261404  0.0000000  0.0000000  0.6959831
    172    C  3.2517352  2.8013873  0.0274956  0.0000000  6.0806180
    173    H  0.8065425  0.0115732  0.0000000  0.0000000  0.8181157
    174    C  3.1973753  2.7763532  0.0430169  0.0000000  6.0167454
    175    H  0.8832319  0.0107846  0.0000000  0.0000000  0.8940165
    176    H  0.8748210  0.0106031  0.0000000  0.0000000  0.8854240
    177    O  3.8603311  4.6886409  0.0021734  0.0000000  8.5511454
    178    H  0.6135038  0.0419759  0.0000000  0.0000000  0.6554797
    179    C  2.9751587  2.4026608  0.0784329  0.0000000  5.4562524
    180    O  3.9096285  4.6314627 -0.0082389  0.0000000  8.5328523
    181    N  3.6126143  3.9200065 -0.0048655  0.0000000  7.5277553
    182    H  0.6883103  0.0283000  0.0000000  0.0000000  0.7166104
    183    C  3.2638904  2.8611045  0.0196464  0.0000000  6.1446413
    184    H  0.8772626  0.0109218  0.0000000  0.0000000  0.8881844
    185    C  3.2793894  2.9999119  0.0111034  0.0000000  6.2904047
    186    H  0.8841357  0.0119546  0.0000000  0.0000000  0.8960902
    187    H  0.8528842  0.0106366  0.0000000  0.0000000  0.8635208
    188    C  3.2527790  2.9919596  0.0100574  0.0000000  6.2547960
    189    H  0.8738087  0.0111468  0.0000000  0.0000000  0.8849555
    190    H  0.8617432  0.0111781  0.0000000  0.0000000  0.8729213
    191    C  3.2586355  2.9602855  0.0094774  0.0000000  6.2283984
    192    H  0.8421657  0.0107921  0.0000000  0.0000000  0.8529578
    193    H  0.8272673  0.0127864  0.0000000  0.0000000  0.8400537
    194    C  3.2348602  2.9043017  0.0248234  0.0000000  6.1639854
    195    H  0.8421802  0.0115392  0.0000000  0.0000000  0.8537194
    196    H  0.8292533  0.0115391  0.0000000  0.0000000  0.8407924
    197    N  3.6095710  3.9667658 -0.0098921  0.0000000  7.5664448
    198    H  0.5943524  0.0310591  0.0000000  0.0000000  0.6254115
    199    H  0.6071378  0.0300156  0.0000000  0.0000000  0.6371535
    200    H  0.6526374  0.0262862  0.0000000  0.0000000  0.6789236
    201    C  3.2797998  3.1094963  0.0047066  0.0000000  6.3940027
    202    H  0.8582826  0.0110132  0.0000000  0.0000000  0.8692958
    203    H  0.8522713  0.0110042  0.0000000  0.0000000  0.8632755
    204    C  3.1655028  2.7352629  0.0113778  0.0000000  5.9121435
    205    C  3.2324562  2.9261561  0.0038645  0.0000000  6.1624768
    206    H  0.9171008  0.0123410  0.0000000  0.0000000  0.9294419
    207    C  3.2155606  2.8804768  0.0041125  0.0000000  6.1001499
    208    H  0.8561579  0.0131137  0.0000000  0.0000000  0.8692715
    209    C  3.2285900  2.8702398  0.0053657  0.0000000  6.1041956
    210    H  0.8335775  0.0114633  0.0000000  0.0000000  0.8450409
    211    C  3.2255764  2.8749927  0.0048092  0.0000000  6.1053783
    212    H  0.8493896  0.0119032  0.0000000  0.0000000  0.8612928
    213    C  3.2359473  2.9131819  0.0042970  0.0000000  6.1534263
    214    H  0.8689625  0.0126281  0.0000000  0.0000000  0.8815906
    215    C  3.2702529  3.1551872  0.0054232  0.0000000  6.4308634
    216    H  0.8382741  0.0112560  0.0000000  0.0000000  0.8495301
    217    H  0.8683065  0.0108808  0.0000000  0.0000000  0.8791872
    218    C  3.1205864  2.8304999  0.0150177  0.0000000  5.9661040
    219    C  3.1297252  2.7806327  0.0226328  0.0000000  5.9329907
    220    H  0.8532084  0.0137604  0.0000000  0.0000000  0.8669687
    221    N  3.7072320  3.9042558 -0.0006484  0.0000000  7.6108393
    222    H  0.6633912  0.0278016  0.0000000  0.0000000  0.6911928
    223    C  3.0821282  2.6147234  0.0288726  0.0000000  5.7257242
    224    C  3.2119633  2.9355331  0.0054863  0.0000000  6.1529827
    225    H  0.8772302  0.0125753  0.0000000  0.0000000  0.8898054
    226    C  3.1956248  2.9254535  0.0055218  0.0000000  6.1266002
    227    H  0.8811681  0.0129866  0.0000000  0.0000000  0.8941547
    228    C  3.1991569  2.9333074  0.0061882  0.0000000  6.1386524
    229    H  0.9025077  0.0116543  0.0000000  0.0000000  0.9141619
    230    C  3.2230994  2.9357158  0.0059394  0.0000000  6.1647546
    231    H  0.9218144  0.0117530  0.0000000  0.0000000  0.9335675
    232    C  3.1639362  2.7944511  0.0163236  0.0000000  5.9747109
    233    C  3.2905545  3.0701315  0.0020740  0.0000000  6.3627600
    234    H  0.7971887  0.0122102  0.0000000  0.0000000  0.8093990
    235    H  0.8096485  0.0108919  0.0000000  0.0000000  0.8205404
    236    C  3.2499972  3.0011013  0.0108138  0.0000000  6.2619123
    237    H  0.8688147  0.0113843  0.0000000  0.0000000  0.8801990
    238    H  0.8174838  0.0115011  0.0000000  0.0000000  0.8289849
    239    C  3.2280025  2.8224277  0.0245607  0.0000000  6.0749909
    240    H  0.8313956  0.0112510  0.0000000  0.0000000  0.8426466
    241    H  0.8539898  0.0101249  0.0000000  0.0000000  0.8641147
    242    N  3.5958175  3.9715465 -0.0007670  0.0000000  7.5665969
    243    H  0.6385620  0.0251807  0.0000000  0.0000000  0.6637427
    244    C  2.8309059  2.3024763  0.0824937  0.0000000  5.2158759
    245    N  3.6194254  4.0225270 -0.0161708  0.0000000  7.6257816
    246    H  0.6507288  0.0283023  0.0000000  0.0000000  0.6790312
    247    H  0.6333682  0.0276652  0.0000000  0.0000000  0.6610334
    248    N  3.6260705  4.0573349 -0.0116318  0.0000000  7.6717736
    249    H  0.6677477  0.0245729  0.0000000  0.0000000  0.6923206
    250    H  0.6221725  0.0257465  0.0000000  0.0000000  0.6479190
    251    C  3.2866711  3.0781955  0.0018976  0.0000000  6.3667641
    252    H  0.8465711  0.0119487  0.0000000  0.0000000  0.8585198
    253    H  0.7996665  0.0129640  0.0000000  0.0000000  0.8126304
    254    C  3.2373011  3.0612639  0.0117193  0.0000000  6.3102843
    255    H  0.8176922  0.0120384  0.0000000  0.0000000  0.8297306
    256    H  0.8589780  0.0132764  0.0000000  0.0000000  0.8722543
    257    C  3.0093460  2.4273793  0.0762765  0.0000000  5.5130018
    258    O  3.9451061  4.5435000 -0.0061560  0.0000000  8.4824500
    259    N  3.5854801  3.9985154 -0.0118708  0.0000000  7.5721247
    260    H  0.6959728  0.0231554  0.0000000  0.0000000  0.7191283
    261    H  0.6738758  0.0247116  0.0000000  0.0000000  0.6985873
    262    C  3.0687676  2.5354348  0.0650643  0.0000000  5.6692667
    263    O  3.9250808  4.6325152 -0.0079544  0.0000000  8.5496415
    264    N  3.5440121  3.8927372 -0.0020188  0.0000000  7.4347306
    265    H  0.6444862  0.0262732  0.0000000  0.0000000  0.6707594
    266    C  3.2244856  2.8116319  0.0301518  0.0000000  6.0662693
    267    H  0.8443571  0.0117160  0.0000000  0.0000000  0.8560731
    268    C  3.2516278  2.9968131  0.0106001  0.0000000  6.2590411
    269    H  0.8713237  0.0116891  0.0000000  0.0000000  0.8830129
    270    H  0.8338359  0.0115733  0.0000000  0.0000000  0.8454092
    271    C  3.2710939  3.0211493  0.0100783  0.0000000  6.3023216
    272    H  0.8854598  0.0110925  0.0000000  0.0000000  0.8965523
    273    H  0.8376501  0.0113738  0.0000000  0.0000000  0.8490239
    274    C  3.0100445  2.3800570  0.0824988  0.0000000  5.4726003
    275    O  3.8800121  4.8402817 -0.0191372  0.0000000  8.7011566
    276    O  3.9152823  4.8045223 -0.0195912  0.0000000  8.7002134
    277    C  3.0164041  2.2997506  0.0678507  0.0000000  5.3840054
    278    O  3.9510946  4.6849521 -0.0152427  0.0000000  8.6208039
    279    N  3.6025689  3.8905057 -0.0009759  0.0000000  7.4920986
    280    H  0.6789000  0.0246232  0.0000000  0.0000000  0.7035232
    281    C  3.2059411  2.7809848  0.0323153  0.0000000  6.0192412
    282    H  0.8154723  0.0113873  0.0000000  0.0000000  0.8268596
    283    C  3.2805563  3.1272627  0.0021324  0.0000000  6.4099514
    284    H  0.8618641  0.0118615  0.0000000  0.0000000  0.8737256
    285    H  0.8472765  0.0120998  0.0000000  0.0000000  0.8593763
    286    H  0.8254454  0.0108425  0.0000000  0.0000000  0.8362879
    287    C  3.0382742  2.3151027  0.0648299  0.0000000  5.4182068
    288    O  3.9478765  4.7514065 -0.0188615  0.0000000  8.6804215
    289    N  3.6199885  3.8889880 -0.0028497  0.0000000  7.5061269
    290    H  0.6430554  0.0249038  0.0000000  0.0000000  0.6679592
    291    C  3.2471870  2.9330701  0.0230596  0.0000000  6.2033167
    292    H  0.8074015  0.0125452  0.0000000  0.0000000  0.8199467
    293    C  3.3447778  3.0666246  0.0140572  0.0000000  6.4254596
    294    H  0.8341096  0.0108950  0.0000000  0.0000000  0.8450046
    295    H  0.7867505  0.0125570  0.0000000  0.0000000  0.7993075
    296    S  5.8618322 10.2033611  0.0348903  0.0000000 16.1000836
    297    H  0.9049057  0.0161420  0.0000000  0.0000000  0.9210477
    298    C  3.2635618  3.1403964  0.0031717  0.0000000  6.4071299
    299    H  0.8343942  0.0121296  0.0000000  0.0000000  0.8465238
    300    H  0.8218720  0.0115231  0.0000000  0.0000000  0.8333952
    301    C  3.3147047  3.0443159  0.0145803  0.0000000  6.3736009
    302    H  0.8039421  0.0122197  0.0000000  0.0000000  0.8161618
    303    H  0.8172006  0.0120109  0.0000000  0.0000000  0.8292115
    304    S  5.8540768 10.0045709  0.0458844  0.0000000 15.9045321
    305    C  3.3548544  3.1676637  0.0060418  0.0000000  6.5285600
    306    H  0.8254845  0.0121937  0.0000000  0.0000000  0.8376782
    307    H  0.8533633  0.0110997  0.0000000  0.0000000  0.8644630
    308    H  0.7974253  0.0124420  0.0000000  0.0000000  0.8098673
    309    C  3.2652192  3.1132437  0.0029274  0.0000000  6.3813903
    310    H  0.8604311  0.0112639  0.0000000  0.0000000  0.8716949
    311    H  0.8152453  0.0117957  0.0000000  0.0000000  0.8270410
    312    C  3.3464019  3.0222434  0.0119189  0.0000000  6.3805641
    313    H  0.8116104  0.0107648  0.0000000  0.0000000  0.8223753
    314    H  0.8446942  0.0127715  0.0000000  0.0000000  0.8574657
    315    S  5.8319548 10.1056503  0.0451974  0.0000000 15.9828026
    316    C  3.3463150  3.1881224  0.0079519  0.0000000  6.5423893
    317    H  0.7887115  0.0112735  0.0000000  0.0000000  0.7999849
    318    H  0.8134276  0.0132434  0.0000000  0.0000000  0.8266710
    319    H  0.8074934  0.0127339  0.0000000  0.0000000  0.8202273
    320    C  3.2418443  3.1679874  0.0059951  0.0000000  6.4158268
    321    H  0.8469263  0.0118936  0.0000000  0.0000000  0.8588200
    322    H  0.8595590  0.0120686  0.0000000  0.0000000  0.8716276
    323    C  3.1658122  2.7657242  0.0121652  0.0000000  5.9437016
    324    C  3.2185570  2.8826345  0.0039737  0.0000000  6.1051652
    325    H  0.9041756  0.0131103  0.0000000  0.0000000  0.9172860
    326    C  3.2514862  2.9056904  0.0026835  0.0000000  6.1598600
    327    H  0.8476263  0.0126130  0.0000000  0.0000000  0.8602392
    328    C  3.1162345  2.5164942  0.0402875  0.0000000  5.6730162
    329    O  3.8937210  4.6821998 -0.0025166  0.0000000  8.5734042
    330    H  0.5162466  0.0399576  0.0000000  0.0000000  0.5562042
    331    C  3.2146489  2.9746532  0.0031569  0.0000000  6.1924589
    332    H  0.8517000  0.0129792  0.0000000  0.0000000  0.8646792
    333    C  3.2225006  2.9217713  0.0039731  0.0000000  6.1482449
    334    H  0.8800221  0.0130293  0.0000000  0.0000000  0.8930514
    335    C  3.0424281  2.5397941  0.0698828  0.0000000  5.6521050
    336    O  3.8876873  4.5855895 -0.0018484  0.0000000  8.4714284
    337    N  3.5707368  3.9181923 -0.0051989  0.0000000  7.4837302
    338    H  0.6313477  0.0260063  0.0000000  0.0000000  0.6573540
    339    C  3.2556444  2.8290563  0.0290480  0.0000000  6.1137487
    340    H  0.8018293  0.0115588  0.0000000  0.0000000  0.8133881
    341    C  3.1639941  2.6940093  0.0471348  0.0000000  5.9051382
    342    H  0.8706410  0.0113869  0.0000000  0.0000000  0.8820279
    343    C  3.2568355  3.0920375  0.0017660  0.0000000  6.3506391
    344    H  0.8691380  0.0113892  0.0000000  0.0000000  0.8805272
    345    H  0.9003001  0.0118161  0.0000000  0.0000000  0.9121162
    346    H  0.8434467  0.0122822  0.0000000  0.0000000  0.8557289
    347    O  3.8948880  4.6490832 -0.0026816  0.0000000  8.5412897
    348    H  0.6290341  0.0403694  0.0000000  0.0000000  0.6694035
    349    C  3.0221284  2.3543254  0.0769916  0.0000000  5.4534455
    350    O  3.9232691  4.5698717 -0.0066359  0.0000000  8.4865049
    351    N  3.6278700  3.9298476 -0.0064556  0.0000000  7.5512620
    352    H  0.6406038  0.0257625  0.0000000  0.0000000  0.6663663
    353    C  3.2466515  2.7806653  0.0295485  0.0000000  6.0568653
    354    H  0.8369163  0.0107723  0.0000000  0.0000000  0.8476886
    355    C  3.2520516  2.9686081  0.0100943  0.0000000  6.2307540
    356    H  0.8533340  0.0113019  0.0000000  0.0000000  0.8646359
    357    H  0.8431774  0.0121778  0.0000000  0.0000000  0.8553552
    358    C  3.2595554  2.9309435  0.0104287  0.0000000  6.2009276
    359    H  0.8569928  0.0111218  0.0000000  0.0000000  0.8681145
    360    H  0.8772010  0.0113781  0.0000000  0.0000000  0.8885791
    361    C  3.2739898  2.9856760  0.0108552  0.0000000  6.2705210
    362    H  0.8200400  0.0108990  0.0000000  0.0000000  0.8309389
    363    H  0.8346656  0.0112120  0.0000000  0.0000000  0.8458776
    364    C  3.2387517  2.8904793  0.0260913  0.0000000  6.1553223
    365    H  0.7955795  0.0118687  0.0000000  0.0000000  0.8074481
    366    H  0.7973911  0.0109668  0.0000000  0.0000000  0.8083579
    367    N  3.5962793  3.9664262 -0.0022775  0.0000000  7.5604279
    368    H  0.5569668  0.0227570  0.0000000  0.0000000  0.5797238
    369    H  0.5910239  0.0243156  0.0000000  0.0000000  0.6153394
    370    H  0.5677796  0.0240666  0.0000000  0.0000000  0.5918463
    371    C  3.0210836  2.3430747  0.0736181  0.0000000  5.4377764
    372    O  3.9311246  4.5834651 -0.0074824  0.0000000  8.5071073
    373    N  3.6172185  3.9131313 -0.0011322  0.0000000  7.5292176
    374    H  0.6768793  0.0238380  0.0000000  0.0000000  0.7007173
    375    C  3.2440607  2.9031476  0.0216864  0.0000000  6.1688947
    376    H  0.8636698  0.0127150  0.0000000  0.0000000  0.8763848
    377    C  3.2787944  2.9252522  0.0092521  0.0000000  6.2132988
    378    H  0.8916176  0.0115839  0.0000000  0.0000000  0.9032015
    379    H  0.8696708  0.0110856  0.0000000  0.0000000  0.8807564
    380    C  3.2488029  2.8444808  0.0166185  0.0000000  6.1099021
    381    H  0.8397386  0.0108186  0.0000000  0.0000000  0.8505572
    382    C  3.2767750  3.1165748  0.0011225  0.0000000  6.3944723
    383    H  0.8831328  0.0114625  0.0000000  0.0000000  0.8945954
    384    H  0.8875639  0.0122156  0.0000000  0.0000000  0.8997795
    385    H  0.8316449  0.0128212  0.0000000  0.0000000  0.8444661
    386    C  3.2791403  3.0946689  0.0027663  0.0000000  6.3765756
    387    H  0.9235742  0.0107689  0.0000000  0.0000000  0.9343431
    388    H  0.8789758  0.0111738  0.0000000  0.0000000  0.8901496
    389    H  0.8574113  0.0114543  0.0000000  0.0000000  0.8688656
    390    C  3.0770712  2.5139755  0.0628336  0.0000000  5.6538802
    391    O  3.9176182  4.6609465 -0.0090288  0.0000000  8.5695358
    392    N  3.5678701  3.8927833 -0.0034851  0.0000000  7.4571682
    393    H  0.6071453  0.0253321  0.0000000  0.0000000  0.6324774
    394    C  3.2102696  2.8248860  0.0329969  0.0000000  6.0681524
    395    H  0.7927478  0.0125688  0.0000000  0.0000000  0.8053166
    396    C  3.2578400  2.9769607  0.0105219  0.0000000  6.2453227
    397    H  0.8213663  0.0118690  0.0000000  0.0000000  0.8332353
    398    H  0.8343720  0.0119907  0.0000000  0.0000000  0.8463627
    399    C  3.2657343  3.0480589  0.0105868  0.0000000  6.3243800
    400    H  0.7891131  0.0123414  0.0000000  0.0000000  0.8014546
    401    H  0.8160878  0.0121686  0.0000000  0.0000000  0.8282564
    402    C  3.0409117  2.3631055  0.0719149  0.0000000  5.4759321
    403    O  3.9387310  4.6633102 -0.0107899  0.0000000  8.5912513
    404    N  3.6068131  3.9910345 -0.0156186  0.0000000  7.5822291
    405    H  0.6702088  0.0269973  0.0000000  0.0000000  0.6972060
    406    H  0.6854790  0.0266402  0.0000000  0.0000000  0.7121192
    407    C  3.0354752  2.3979105  0.0706004  0.0000000  5.5039861
    408    O  3.9388466  4.6238106 -0.0113361  0.0000000  8.5513211
    409    N  3.6183860  3.8946122 -0.0032413  0.0000000  7.5097569
    410    H  0.6192459  0.0235219  0.0000000  0.0000000  0.6427678
    411    C  3.2499988  2.7902909  0.0306074  0.0000000  6.0708971
    412    H  0.8240675  0.0119237  0.0000000  0.0000000  0.8359912
    413    C  3.2502396  2.9989243  0.0116028  0.0000000  6.2607667
    414    H  0.8709541  0.0107550  0.0000000  0.0000000  0.8817091
    415    H  0.8377852  0.0122612  0.0000000  0.0000000  0.8500464
    416    C  3.1607388  2.7936897  0.0117201  0.0000000  5.9661485
    417    C  3.1946627  2.8834896  0.0056517  0.0000000  6.0838040
    418    H  0.8618909  0.0125740  0.0000000  0.0000000  0.8744649
    419    C  3.2432850  3.0165625  0.0034318  0.0000000  6.2632794
    420    H  0.8299482  0.0116740  0.0000000  0.0000000  0.8416222
    421    C  3.0677015  2.5278513  0.0432768  0.0000000  5.6388296
    422    O  3.8901569  4.6490210  0.0010204  0.0000000  8.5401983
    423    H  0.5872891  0.0388782  0.0000000  0.0000000  0.6261673
    424    C  3.2131366  2.9584552  0.0040023  0.0000000  6.1755940
    425    H  0.8804449  0.0125245  0.0000000  0.0000000  0.8929693
    426    C  3.2673384  2.9030838  0.0028312  0.0000000  6.1732534
    427    H  0.8450795  0.0137640  0.0000000  0.0000000  0.8588435
    428    C  2.9985561  2.3657941  0.0755787  0.0000000  5.4399288
    429    O  3.9463118  4.5562705 -0.0078304  0.0000000  8.4947519
    430    N  3.5914087  3.9112524 -0.0047652  0.0000000  7.4978959
    431    H  0.6659187  0.0270081  0.0000000  0.0000000  0.6929267
    432    C  3.2194472  2.8449368  0.0333505  0.0000000  6.0977345
    433    H  0.8040459  0.0134618  0.0000000  0.0000000  0.8175077
    434    C  3.2903528  2.9111681  0.0086812  0.0000000  6.2102021
    435    H  0.8605641  0.0108864  0.0000000  0.0000000  0.8714505
    436    H  0.8682032  0.0110490  0.0000000  0.0000000  0.8792522
    437    C  3.2809233  3.0142106  0.0091424  0.0000000  6.3042763
    438    H  0.8150575  0.0143840  0.0000000  0.0000000  0.8294414
    439    H  0.8730857  0.0112904  0.0000000  0.0000000  0.8843761
    440    C  3.0031414  2.3523836  0.0943770  0.0000000  5.4499020
    441    O  3.9212424  4.6367211 -0.0107351  0.0000000  8.5472283
    442    O  3.9257102  4.7005682 -0.0117654  0.0000000  8.6145131
    443    C  3.0061734  2.3500175  0.0754154  0.0000000  5.4316064
    444    O  3.9179117  4.7045973 -0.0115719  0.0000000  8.6109372
    445    N  3.6100522  3.8999992 -0.0061973  0.0000000  7.5038541
    446    H  0.6317034  0.0280924  0.0000000  0.0000000  0.6597958
    447    C  3.2065677  2.7985258  0.0297345  0.0000000  6.0348280
    448    H  0.8513432  0.0129322  0.0000000  0.0000000  0.8642754
    449    C  3.2752331  2.9646654  0.0094515  0.0000000  6.2493501
    450    H  0.8708743  0.0105526  0.0000000  0.0000000  0.8814269
    451    H  0.8395808  0.0108192  0.0000000  0.0000000  0.8504000
    452    C  3.2829860  2.9566445  0.0077386  0.0000000  6.2473691
    453    H  0.8113524  0.0116333  0.0000000  0.0000000  0.8229857
    454    H  0.8197436  0.0114927  0.0000000  0.0000000  0.8312363
    455    C  3.2652607  2.8476842  0.0235284  0.0000000  6.1364733
    456    H  0.8337524  0.0109872  0.0000000  0.0000000  0.8447396
    457    H  0.8092060  0.0111043  0.0000000  0.0000000  0.8203103
    458    N  3.5921660  3.9639660 -0.0002521  0.0000000  7.5558799
    459    H  0.6314046  0.0251858  0.0000000  0.0000000  0.6565904
    460    C  2.8356133  2.3195070  0.0819052  0.0000000  5.2370255
    461    N  3.6003996  4.0527689 -0.0116474  0.0000000  7.6415211
    462    H  0.5991196  0.0258283  0.0000000  0.0000000  0.6249479
    463    H  0.6236526  0.0265455  0.0000000  0.0000000  0.6501981
    464    N  3.6081568  4.0551491 -0.0110169  0.0000000  7.6522889
    465    H  0.5944574  0.0248365  0.0000000  0.0000000  0.6192940
    466    H  0.6206707  0.0269779  0.0000000  0.0000000  0.6476487
    467    C  3.0039375  2.3830517  0.0753866  0.0000000  5.4623757
    468    O  3.9439508  4.5773943 -0.0084065  0.0000000  8.5129386
    469    N  3.6148158  3.9146766 -0.0044510  0.0000000  7.5250414
    470    H  0.6269805  0.0270608  0.0000000  0.0000000  0.6540414
    471    C  3.2403477  2.9072508  0.0231394  0.0000000  6.1707379
    472    H  0.8401561  0.0116700  0.0000000  0.0000000  0.8518261
    473    C  3.2335119  3.0586174  0.0120735  0.0000000  6.3042027
    474    H  0.8487110  0.0124485  0.0000000  0.0000000  0.8611595
    475    H  0.8578569  0.0130321  0.0000000  0.0000000  0.8708890
    476    C  3.0282546  2.3800499  0.0810278  0.0000000  5.4893322
    477    O  3.9043746  4.5988923 -0.0045914  0.0000000  8.4986755
    478    N  3.5798406  4.0349626 -0.0138251  0.0000000  7.6009781
    479    H  0.6880477  0.0281404  0.0000000  0.0000000  0.7161880
    480    H  0.6427680  0.0282250  0.0000000  0.0000000  0.6709930
    481    H  0.9067982  0.0119467  0.0000000  0.0000000  0.9187449
    482    H  0.9248882  0.0108157  0.0000000  0.0000000  0.9357039
    483    H  0.6167384  0.0126070  0.0000000  0.0000000  0.6293454
    484    H  0.9272176  0.0115631  0.0000000  0.0000000  0.9387807
    485    H  0.8570364  0.0112629  0.0000000  0.0000000  0.8682993
    486    H  0.5881818  0.0134628  0.0000000  0.0000000  0.6016446
    487    H  0.9406922  0.0113351  0.0000000  0.0000000  0.9520273
    488    H  0.9096071  0.0116490  0.0000000  0.0000000  0.9212560
    489    H  1.0279994  0.0120010  0.0000000  0.0000000  1.0400004
    490    H  0.9299855  0.0117588  0.0000000  0.0000000  0.9417443
    491    H  0.8623053  0.0113998  0.0000000  0.0000000  0.8737050
    492    H  0.6029647  0.0128224  0.0000000  0.0000000  0.6157871
    493    H  0.9335161  0.0117140  0.0000000  0.0000000  0.9452300
    494    H  0.9000300  0.0116701  0.0000000  0.0000000  0.9117000
    495    H  0.9366595  0.0115721  0.0000000  0.0000000  0.9482316
    496    H  0.8803077  0.0112121  0.0000000  0.0000000  0.8915198
    497    H  0.5916089  0.0129724  0.0000000  0.0000000  0.6045813
    498    H  0.8465834  0.0112617  0.0000000  0.0000000  0.8578450
    499    H  0.6080627  0.0129892  0.0000000  0.0000000  0.6210519
------------ ---------- ---------- ---------- ---------- ----------
  Total                                                   1856.0000000
