  Atom           S          P          D          F        Total
      1    C  3.2785944  3.1512164  0.0046971  0.0000000  6.4345078
      2    H  0.8518076  0.0123706  0.0000000  0.0000000  0.8641783
      3    H  0.8436408  0.0111378  0.0000000  0.0000000  0.8547786
      4    C  3.1368102  2.7508592  0.0138546  0.0000000  5.9015241
      5    C  3.2304806  2.9439455  0.0046301  0.0000000  6.1790561
      6    H  0.8796952  0.0111231  0.0000000  0.0000000  0.8908183
      7    C  3.2427018  2.8747808  0.0047321  0.0000000  6.1222147
      8    H  0.8784707  0.0112695  0.0000000  0.0000000  0.8897402
      9    C  3.2100879  2.8822970  0.0047708  0.0000000  6.0971557
     10    H  0.8493038  0.0124080  0.0000000  0.0000000  0.8617118
     11    C  3.2395807  2.8707267  0.0055828  0.0000000  6.1158902
     12    H  0.8378187  0.0110361  0.0000000  0.0000000  0.8488548
     13    C  3.2095241  2.9129962  0.0049607  0.0000000  6.1274810
     14    H  0.8750489  0.0121713  0.0000000  0.0000000  0.8872202
     15    C  3.0664692  2.5196473  0.0619514  0.0000000  5.6480679
     16    O  3.9175408  4.6549355 -0.0083688  0.0000000  8.5641075
     17    N  3.5638648  3.8696298 -0.0036333  0.0000000  7.4298613
     18    H  0.6748212  0.0270830  0.0000000  0.0000000  0.7019042
     19    C  3.2176219  2.8166801  0.0316044  0.0000000  6.0659064
     20    H  0.8538851  0.0112576  0.0000000  0.0000000  0.8651428
     21    C  3.2788793  2.9581520  0.0082837  0.0000000  6.2453149
     22    H  0.8397366  0.0122387  0.0000000  0.0000000  0.8519753
     23    H  0.8422127  0.0100784  0.0000000  0.0000000  0.8522911
     24    C  3.2794252  3.0105050  0.0095280  0.0000000  6.2994582
     25    H  0.8276740  0.0113757  0.0000000  0.0000000  0.8390497
     26    H  0.8333145  0.0122366  0.0000000  0.0000000  0.8455511
     27    C  3.0152933  2.3862050  0.0790799  0.0000000  5.4805783
     28    O  3.9229652  4.6276929 -0.0091681  0.0000000  8.5414899
     29    N  3.6122383  4.0188376 -0.0152299  0.0000000  7.6158460
     30    H  0.6750968  0.0267922  0.0000000  0.0000000  0.7018890
     31    H  0.6813049  0.0263065  0.0000000  0.0000000  0.7076114
     32    C  3.0032055  2.3609967  0.0751029  0.0000000  5.4393051
     33    O  3.9368678  4.6387426 -0.0116481  0.0000000  8.5639623
     34    N  3.6144727  3.9017902 -0.0031409  0.0000000  7.5131220
     35    H  0.6241794  0.0236893  0.0000000  0.0000000  0.6478688
     36    C  3.2071915  2.8179282  0.0329575  0.0000000  6.0580772
     37    H  0.8190489  0.0118453  0.0000000  0.0000000  0.8308942
     38    C  3.1558164  2.6751309  0.0466355  0.0000000  5.8775828
     39    H  0.8541213  0.0106269  0.0000000  0.0000000  0.8647482
     40    C  3.2844215  3.0710500  0.0026210  0.0000000  6.3580925
     41    H  0.8454219  0.0117491  0.0000000  0.0000000  0.8571710
     42    H  0.8530674  0.0122416  0.0000000  0.0000000  0.8653090
     43    H  0.8756477  0.0102858  0.0000000  0.0000000  0.8859335
     44    O  3.8595092  4.7940367 -0.0065502  0.0000000  8.6469957
     45    H  0.5792825  0.0361605  0.0000000  0.0000000  0.6154430
     46    C  3.0109964  2.3776335  0.0720422  0.0000000  5.4606722
     47    O  3.9384652  4.6383484 -0.0114787  0.0000000  8.5653349
     48    N  3.6099289  3.8979466 -0.0034777  0.0000000  7.5043978
     49    H  0.6480015  0.0270882  0.0000000  0.0000000  0.6750898
     50    C  3.2205513  2.9203603  0.0223046  0.0000000  6.1632162
     51    H  0.8729907  0.0124728  0.0000000  0.0000000  0.8854635
     52    C  3.2922535  3.1133080  0.0019591  0.0000000  6.4075206
     53    H  0.8689738  0.0121838  0.0000000  0.0000000  0.8811576
     54    H  0.8812816  0.0107768  0.0000000  0.0000000  0.8920584
     55    H  0.8684859  0.0119177  0.0000000  0.0000000  0.8804036
     56    C  3.2674208  3.1182988  0.0035216  0.0000000  6.3892412
     57    H  0.8329813  0.0115827  0.0000000  0.0000000  0.8445640
     58    H  0.8740997  0.0106799  0.0000000  0.0000000  0.8847796
     59    C  3.2248799  2.8547235  0.0201013  0.0000000  6.0997048
     60    H  0.8760757  0.0105396  0.0000000  0.0000000  0.8866153
     61    C  3.2610531  3.0902279  0.0033404  0.0000000  6.3546214
     62    H  0.8615525  0.0116920  0.0000000  0.0000000  0.8732445
     63    H  0.8572644  0.0117187  0.0000000  0.0000000  0.8689831
     64    H  0.8979302  0.0107540  0.0000000  0.0000000  0.9086842
     65    C  3.2713804  3.0742853  0.0032279  0.0000000  6.3488936
     66    H  0.8349138  0.0109788  0.0000000  0.0000000  0.8458926
     67    H  0.8695028  0.0121444  0.0000000  0.0000000  0.8816472
     68    H  0.8653642  0.0120293  0.0000000  0.0000000  0.8773934
     69    C  3.0302579  2.5665964  0.0716806  0.0000000  5.6685349
     70    O  3.9136939  4.5651046 -0.0029545  0.0000000  8.4758440
     71    N  3.5721760  3.8968315 -0.0006538  0.0000000  7.4683537
     72    H  0.6554690  0.0247487  0.0000000  0.0000000  0.6802177
     73    C  3.2451106  2.7994253  0.0292069  0.0000000  6.0737428
     74    H  0.8053936  0.0121922  0.0000000  0.0000000  0.8175858
     75    C  3.1824964  2.7842146  0.0396608  0.0000000  6.0063718
     76    H  0.9043386  0.0112955  0.0000000  0.0000000  0.9156341
     77    H  0.8430338  0.0107880  0.0000000  0.0000000  0.8538218
     78    O  3.8591993  4.6824337  0.0002434  0.0000000  8.5418765
     79    H  0.6201274  0.0431016  0.0000000  0.0000000  0.6632290
     80    C  3.0247757  2.3246236  0.0736797  0.0000000  5.4230789
     81    O  3.9408511  4.5492873 -0.0059672  0.0000000  8.4841712
     82    N  3.6054955  3.8530507  0.0054721  0.0000000  7.4640182
     83    C  3.2008171  2.8397657  0.0249436  0.0000000  6.0655264
     84    H  0.8380656  0.0121600  0.0000000  0.0000000  0.8502256
     85    H  0.8530295  0.0110042  0.0000000  0.0000000  0.8640337
     86    C  3.2419421  3.0439339  0.0113658  0.0000000  6.2972417
     87    H  0.8599156  0.0136644  0.0000000  0.0000000  0.8735800
     88    H  0.8425187  0.0110782  0.0000000  0.0000000  0.8535968
     89    C  3.2696091  2.9649563  0.0104062  0.0000000  6.2449715
     90    H  0.8273736  0.0120068  0.0000000  0.0000000  0.8393804
     91    H  0.8139340  0.0124846  0.0000000  0.0000000  0.8264186
     92    C  3.2274798  2.8024302  0.0335320  0.0000000  6.0634421
     93    H  0.7775716  0.0120296  0.0000000  0.0000000  0.7896012
     94    C  3.0084201  2.3481642  0.0731309  0.0000000  5.4297152
     95    O  3.9582877  4.5409101 -0.0080739  0.0000000  8.4911239
     96    N  3.6119256  3.9432634 -0.0062073  0.0000000  7.5489817
     97    H  0.6799829  0.0258877  0.0000000  0.0000000  0.7058706
     98    C  3.2512767  2.7763949  0.0319103  0.0000000  6.0595819
     99    H  0.8086946  0.0110426  0.0000000  0.0000000  0.8197372
    100    C  3.2432660  2.9842360  0.0099588  0.0000000  6.2374608
    101    H  0.8456920  0.0117850  0.0000000  0.0000000  0.8574770
    102    H  0.8395494  0.0115438  0.0000000  0.0000000  0.8510932
    103    C  3.2631773  3.0574815  0.0101275  0.0000000  6.3307863
    104    H  0.8383331  0.0118197  0.0000000  0.0000000  0.8501527
    105    H  0.8318016  0.0127391  0.0000000  0.0000000  0.8445407
    106    C  3.0201920  2.3752929  0.0734410  0.0000000  5.4689259
    107    O  3.9375801  4.5763864 -0.0069318  0.0000000  8.5070346
    108    N  3.5849281  4.0471111 -0.0122368  0.0000000  7.6198025
    109    H  0.6427938  0.0254883  0.0000000  0.0000000  0.6682821
    110    H  0.6814150  0.0246338  0.0000000  0.0000000  0.7060488
    111    C  2.9906312  2.3320054  0.0767368  0.0000000  5.3993735
    112    O  3.9502802  4.5717274 -0.0090346  0.0000000  8.5129730
    113    N  3.6092643  3.9117600 -0.0034864  0.0000000  7.5175379
    114    H  0.6798851  0.0246794  0.0000000  0.0000000  0.7045646
    115    C  3.2239975  2.7752305  0.0319956  0.0000000  6.0312236
    116    H  0.8154174  0.0116665  0.0000000  0.0000000  0.8270840
    117    C  3.2862983  3.0273457  0.0100337  0.0000000  6.3236778
    118    H  0.8462855  0.0111361  0.0000000  0.0000000  0.8574216
    119    H  0.8198081  0.0120086  0.0000000  0.0000000  0.8318167
    120    C  3.1923672  2.7519482  0.0112136  0.0000000  5.9555290
    121    C  3.2208492  2.8892559  0.0045315  0.0000000  6.1146366
    122    H  0.8652996  0.0127541  0.0000000  0.0000000  0.8780537
    123    C  3.2182869  2.8842235  0.0049177  0.0000000  6.1074281
    124    H  0.8664965  0.0124335  0.0000000  0.0000000  0.8789300
    125    C  3.2114680  2.9164863  0.0043121  0.0000000  6.1322663
    126    H  0.9092396  0.0114441  0.0000000  0.0000000  0.9206837
    127    C  3.2137835  2.9061015  0.0045977  0.0000000  6.1244827
    128    H  0.9073596  0.0121357  0.0000000  0.0000000  0.9194954
    129    C  3.2110511  2.9055310  0.0036423  0.0000000  6.1202243
    130    H  0.8296346  0.0138519  0.0000000  0.0000000  0.8434865
    131    C  3.0708709  2.3397878  0.0687100  0.0000000  5.4793687
    132    O  3.9756445  4.4769275 -0.0070249  0.0000000  8.4455471
    133    N  3.7550284  3.7347955 -0.0115344  0.0000000  7.4782895
    134    C  3.1626800  2.5448676  0.0316586  0.0000000  5.7392063
    135    C  3.2626786  3.0215402  0.0115619  0.0000000  6.2957806
    136    C  3.3519530  3.0391137  0.0134642  0.0000000  6.4045308
    137    S  5.8447231 10.0488913  0.0459820  0.0000000 15.9395964
    138    C  3.3825337  3.1584010  0.0044880  0.0000000  6.5454228
    139    H  0.7930856  0.0115381  0.0000000  0.0000000  0.8046238
    140    H  0.8173525  0.0119215  0.0000000  0.0000000  0.8292740
    141    H  0.8328875  0.0109178  0.0000000  0.0000000  0.8438053
    142    H  0.7846691  0.0114976  0.0000000  0.0000000  0.7961667
    143    H  0.8012027  0.0107781  0.0000000  0.0000000  0.8119808
    144    H  0.8416588  0.0116736  0.0000000  0.0000000  0.8533324
    145    H  0.8026844  0.0111070  0.0000000  0.0000000  0.8137915
    146    C  2.9932601  2.4600123  0.0487023  0.0000000  5.5019747
    147    N  3.8887956  3.5961676 -0.0032080  0.0000000  7.4817553
    148    C  3.1147836  2.7878835  0.0261118  0.0000000  5.9287788
    149    C  3.3147483  2.8806486  0.0051159  0.0000000  6.2005128
    150    C  3.1799363  2.7771117  0.0112730  0.0000000  5.9683210
    151    C  3.2360931  2.8625282  0.0056088  0.0000000  6.1042301
    152    C  3.2749674  2.9358776  0.0016664  0.0000000  6.2125113
    153    C  3.1318477  2.4300734  0.0484359  0.0000000  5.6103571
    154    C  3.2595490  2.9123332  0.0018868  0.0000000  6.1737690
    155    C  3.2460356  2.8895123  0.0033905  0.0000000  6.1389383
    156    H  0.8381942  0.0139270  0.0000000  0.0000000  0.8521212
    157    H  0.8555355  0.0129580  0.0000000  0.0000000  0.8684935
    158    O  3.9643600  4.6627369 -0.0155242  0.0000000  8.6115727
    159    H  0.8831909  0.0117875  0.0000000  0.0000000  0.8949784
    160    H  0.8839589  0.0115137  0.0000000  0.0000000  0.8954726
    161    H  0.8676840  0.0115868  0.0000000  0.0000000  0.8792708
    162    C  2.9649208  2.3593161  0.0727131  0.0000000  5.3969499
    163    O  3.9855708  4.6234140 -0.0143769  0.0000000  8.5946079
    164    N  3.6663791  3.8610943  0.0076311  0.0000000  7.5351045
    165    C  3.2553782  2.9159397  0.0245902  0.0000000  6.1959081
    166    C  2.9767541  2.3239478  0.0749404  0.0000000  5.3756423
    167    O  3.9707993  4.5729888 -0.0089971  0.0000000  8.5347911
    168    H  0.8457594  0.0117650  0.0000000  0.0000000  0.8575244
    169    H  0.8200620  0.0117661  0.0000000  0.0000000  0.8318281
    170    N  3.5988779  3.9079609 -0.0039252  0.0000000  7.5029135
    171    H  0.6439802  0.0273077  0.0000000  0.0000000  0.6712880
    172    C  3.2665214  2.8281756  0.0306155  0.0000000  6.1253125
    173    H  0.8004700  0.0108192  0.0000000  0.0000000  0.8112891
    174    C  3.1795286  2.7998452  0.0366294  0.0000000  6.0160033
    175    H  0.8546824  0.0116251  0.0000000  0.0000000  0.8663075
    176    H  0.8722071  0.0111319  0.0000000  0.0000000  0.8833390
    177    O  3.8549743  4.6850812  0.0013076  0.0000000  8.5413631
    178    H  0.6277986  0.0409864  0.0000000  0.0000000  0.6687850
    179    C  2.9765382  2.3769278  0.0765469  0.0000000  5.4300129
    180    O  3.9125356  4.6007448 -0.0075531  0.0000000  8.5057273
    181    N  3.6112413  3.9299019 -0.0027859  0.0000000  7.5383573
    182    H  0.6800194  0.0265476  0.0000000  0.0000000  0.7065669
    183    C  3.2263507  2.9162609  0.0222059  0.0000000  6.1648175
    184    H  0.8703965  0.0130569  0.0000000  0.0000000  0.8834535
    185    C  3.2881196  2.9719655  0.0094887  0.0000000  6.2695738
    186    H  0.8984155  0.0117994  0.0000000  0.0000000  0.9102149
    187    H  0.8510682  0.0103824  0.0000000  0.0000000  0.8614505
    188    C  3.2510273  3.0034128  0.0095467  0.0000000  6.2639868
    189    H  0.8656947  0.0111087  0.0000000  0.0000000  0.8768035
    190    H  0.8566423  0.0126923  0.0000000  0.0000000  0.8693345
    191    C  3.2543994  2.9635067  0.0107682  0.0000000  6.2286743
    192    H  0.8396921  0.0126989  0.0000000  0.0000000  0.8523911
    193    H  0.8320949  0.0108434  0.0000000  0.0000000  0.8429382
    194    C  3.2464305  2.9070263  0.0250280  0.0000000  6.1784848
    195    H  0.8283630  0.0115812  0.0000000  0.0000000  0.8399442
    196    H  0.8318269  0.0104683  0.0000000  0.0000000  0.8422951
    197    N  3.6097720  3.9532388 -0.0110714  0.0000000  7.5519394
    198    H  0.6326138  0.0283927  0.0000000  0.0000000  0.6610065
    199    H  0.6174476  0.0284889  0.0000000  0.0000000  0.6459365
    200    H  0.6503524  0.0258775  0.0000000  0.0000000  0.6762299
    201    C  3.2465294  3.1809160  0.0049817  0.0000000  6.4324271
    202    H  0.8334926  0.0125795  0.0000000  0.0000000  0.8460721
    203    H  0.8600401  0.0116462  0.0000000  0.0000000  0.8716863
    204    C  3.1424179  2.7591082  0.0125659  0.0000000  5.9140920
    205    C  3.2156452  2.9032101  0.0042830  0.0000000  6.1231383
    206    H  0.9279344  0.0125535  0.0000000  0.0000000  0.9404879
    207    C  3.2330414  2.8932851  0.0039357  0.0000000  6.1302623
    208    H  0.8495278  0.0120039  0.0000000  0.0000000  0.8615317
    209    C  3.2289755  2.8979445  0.0041021  0.0000000  6.1310221
    210    H  0.8500164  0.0129575  0.0000000  0.0000000  0.8629739
    211    C  3.2246957  2.8856409  0.0047639  0.0000000  6.1151004
    212    H  0.8307397  0.0122665  0.0000000  0.0000000  0.8430062
    213    C  3.2367226  2.8984262  0.0038988  0.0000000  6.1390476
    214    H  0.8781593  0.0129616  0.0000000  0.0000000  0.8911209
    215    C  3.2592316  3.1267067  0.0060891  0.0000000  6.3920274
    216    H  0.8604437  0.0112826  0.0000000  0.0000000  0.8717263
    217    H  0.8418511  0.0108748  0.0000000  0.0000000  0.8527258
    218    C  3.1163781  2.8275148  0.0155937  0.0000000  5.9594865
    219    C  3.1393537  2.7951886  0.0229729  0.0000000  5.9575152
    220    H  0.8454606  0.0125071  0.0000000  0.0000000  0.8579678
    221    N  3.6925790  3.9015559 -0.0013156  0.0000000  7.5928193
    222    H  0.6554282  0.0281862  0.0000000  0.0000000  0.6836144
    223    C  3.1171816  2.5853127  0.0265050  0.0000000  5.7289993
    224    C  3.2158315  2.9254579  0.0052248  0.0000000  6.1465143
    225    H  0.8503417  0.0127243  0.0000000  0.0000000  0.8630661
    226    C  3.2121175  2.9359717  0.0052290  0.0000000  6.1533183
    227    H  0.8631606  0.0120637  0.0000000  0.0000000  0.8752243
    228    C  3.2002447  2.9447421  0.0048563  0.0000000  6.1498430
    229    H  0.9057205  0.0125907  0.0000000  0.0000000  0.9183112
    230    C  3.2251798  2.9368675  0.0045956  0.0000000  6.1666429
    231    H  0.9286419  0.0123329  0.0000000  0.0000000  0.9409748
    232    C  3.1807353  2.8098967  0.0158389  0.0000000  6.0064709
    233    C  3.2774386  3.0808729  0.0010934  0.0000000  6.3594048
    234    H  0.8162716  0.0122231  0.0000000  0.0000000  0.8284947
    235    H  0.8176468  0.0127165  0.0000000  0.0000000  0.8303633
    236    C  3.2807371  2.9937151  0.0089213  0.0000000  6.2833735
    237    H  0.8603260  0.0112446  0.0000000  0.0000000  0.8715705
    238    H  0.7955235  0.0115798  0.0000000  0.0000000  0.8071033
    239    C  3.2169415  2.8533926  0.0251010  0.0000000  6.0954351
    240    H  0.8264738  0.0115530  0.0000000  0.0000000  0.8380268
    241    H  0.8272120  0.0107740  0.0000000  0.0000000  0.8379860
    242    N  3.5889722  3.9508689 -0.0002888  0.0000000  7.5395523
    243    H  0.6312304  0.0269508  0.0000000  0.0000000  0.6581812
    244    C  2.8414857  2.3133755  0.0801624  0.0000000  5.2350236
    245    N  3.6186612  4.0322828 -0.0133114  0.0000000  7.6376326
    246    H  0.6597145  0.0253809  0.0000000  0.0000000  0.6850954
    247    H  0.6443491  0.0278716  0.0000000  0.0000000  0.6722206
    248    N  3.6216666  4.0229820 -0.0137297  0.0000000  7.6309189
    249    H  0.6441169  0.0264043  0.0000000  0.0000000  0.6705213
    250    H  0.6323464  0.0270597  0.0000000  0.0000000  0.6594060
    251    C  3.2907964  3.0759300  0.0031896  0.0000000  6.3699160
    252    H  0.8648359  0.0114048  0.0000000  0.0000000  0.8762407
    253    H  0.8208528  0.0109057  0.0000000  0.0000000  0.8317585
    254    C  3.2466116  3.0326523  0.0111695  0.0000000  6.2904333
    255    H  0.8264728  0.0126955  0.0000000  0.0000000  0.8391682
    256    H  0.8528801  0.0119739  0.0000000  0.0000000  0.8648539
    257    C  3.0064503  2.4124602  0.0740216  0.0000000  5.4929320
    258    O  3.9552835  4.5483730 -0.0071759  0.0000000  8.4964807
    259    N  3.5605265  4.0180033 -0.0133646  0.0000000  7.5651651
    260    H  0.7031403  0.0263064  0.0000000  0.0000000  0.7294467
    261    H  0.6702355  0.0258638  0.0000000  0.0000000  0.6960993
    262    C  3.0668651  2.5175533  0.0644883  0.0000000  5.6489066
    263    O  3.8935952  4.6253528 -0.0039480  0.0000000  8.5150001
    264    N  3.5679190  3.9184820 -0.0015781  0.0000000  7.4848229
    265    H  0.6322797  0.0260160  0.0000000  0.0000000  0.6582957
    266    C  3.2000722  2.8138302  0.0323499  0.0000000  6.0462523
    267    H  0.8079543  0.0134528  0.0000000  0.0000000  0.8214071
    268    C  3.2538207  2.9849035  0.0096566  0.0000000  6.2483808
    269    H  0.8760569  0.0119248  0.0000000  0.0000000  0.8879818
    270    H  0.8268627  0.0114607  0.0000000  0.0000000  0.8383235
    271    C  3.2526257  3.0347841  0.0104432  0.0000000  6.2978529
    272    H  0.8759372  0.0110188  0.0000000  0.0000000  0.8869559
    273    H  0.8541936  0.0131544  0.0000000  0.0000000  0.8673480
    274    C  3.0320966  2.3599666  0.0786945  0.0000000  5.4707577
    275    O  3.8868341  4.8306265 -0.0186940  0.0000000  8.6987665
    276    O  3.9313294  4.8300912 -0.0243367  0.0000000  8.7370839
    277    C  3.0122170  2.3428137  0.0706294  0.0000000  5.4256601
    278    O  3.9306251  4.6771033 -0.0137052  0.0000000  8.5940231
    279    N  3.6062292  3.8920429 -0.0033302  0.0000000  7.4949420
    280    H  0.6818398  0.0253366  0.0000000  0.0000000  0.7071764
    281    C  3.2358488  2.7922486  0.0307232  0.0000000  6.0588206
    282    H  0.8115517  0.0105761  0.0000000  0.0000000  0.8221278
    283    C  3.2918218  3.1086932  0.0028009  0.0000000  6.4033159
    284    H  0.8649026  0.0104642  0.0000000  0.0000000  0.8753668
    285    H  0.8330040  0.0118851  0.0000000  0.0000000  0.8448891
    286    H  0.8429985  0.0120743  0.0000000  0.0000000  0.8550727
    287    C  3.0387641  2.3668122  0.0717064  0.0000000  5.4772827
    288    O  3.9156176  4.6879209 -0.0128217  0.0000000  8.5907168
    289    N  3.6206825  3.8730490 -0.0049190  0.0000000  7.4888125
    290    H  0.6296311  0.0277014  0.0000000  0.0000000  0.6573324
    291    C  3.2512497  2.9079905  0.0234397  0.0000000  6.1826799
    292    H  0.8716241  0.0107301  0.0000000  0.0000000  0.8823543
    293    C  3.3436114  3.0504699  0.0130069  0.0000000  6.4070882
    294    H  0.8419660  0.0112983  0.0000000  0.0000000  0.8532643
    295    H  0.8060735  0.0115146  0.0000000  0.0000000  0.8175880
    296    S  5.8618367 10.2980790  0.0344168  0.0000000 16.1943324
    297    H  0.8180251  0.0154089  0.0000000  0.0000000  0.8334340
    298    C  3.2573317  3.1120535  0.0026643  0.0000000  6.3720494
    299    H  0.8518141  0.0122439  0.0000000  0.0000000  0.8640580
    300    H  0.8110994  0.0125570  0.0000000  0.0000000  0.8236564
    301    C  3.3233972  3.0847791  0.0145982  0.0000000  6.4227745
    302    H  0.7832446  0.0128458  0.0000000  0.0000000  0.7960904
    303    H  0.7954147  0.0117683  0.0000000  0.0000000  0.8071830
    304    S  5.8474048  9.9883363  0.0503828  0.0000000 15.8861238
    305    C  3.3579020  3.1762445  0.0065406  0.0000000  6.5406870
    306    H  0.8602514  0.0110569  0.0000000  0.0000000  0.8713083
    307    H  0.8334757  0.0129763  0.0000000  0.0000000  0.8464520
    308    H  0.7766864  0.0117488  0.0000000  0.0000000  0.7884352
    309    C  3.2720676  3.1166583  0.0027429  0.0000000  6.3914688
    310    H  0.8726695  0.0111682  0.0000000  0.0000000  0.8838377
    311    H  0.8096246  0.0124930  0.0000000  0.0000000  0.8221175
    312    C  3.3265522  3.0264509  0.0146776  0.0000000  6.3676806
    313    H  0.7878022  0.0120554  0.0000000  0.0000000  0.7998576
    314    H  0.8662491  0.0112933  0.0000000  0.0000000  0.8775424
    315    S  5.8421030 10.0660682  0.0452205  0.0000000 15.9533918
    316    C  3.3666957  3.1603492  0.0050001  0.0000000  6.5320450
    317    H  0.8161862  0.0110282  0.0000000  0.0000000  0.8272143
    318    H  0.7888333  0.0122170  0.0000000  0.0000000  0.8010503
    319    H  0.8405149  0.0114439  0.0000000  0.0000000  0.8519588
    320    C  3.2413915  3.1732476  0.0051162  0.0000000  6.4197553
    321    H  0.8325758  0.0128739  0.0000000  0.0000000  0.8454498
    322    H  0.8594834  0.0118148  0.0000000  0.0000000  0.8712982
    323    C  3.1628308  2.7688536  0.0114261  0.0000000  5.9431105
    324    C  3.2139714  2.9103918  0.0047103  0.0000000  6.1290735
    325    H  0.8821330  0.0127660  0.0000000  0.0000000  0.8948990
    326    C  3.2132268  2.9329012  0.0037595  0.0000000  6.1498876
    327    H  0.8555328  0.0123422  0.0000000  0.0000000  0.8678749
    328    C  3.0968135  2.5567035  0.0433108  0.0000000  5.6968278
    329    O  3.8996002  4.6653314  0.0007231  0.0000000  8.5656547
    330    H  0.5134807  0.0383957  0.0000000  0.0000000  0.5518764
    331    C  3.2087839  2.9603336  0.0041619  0.0000000  6.1732793
    332    H  0.8741781  0.0125913  0.0000000  0.0000000  0.8867695
    333    C  3.2253796  2.9212760  0.0053080  0.0000000  6.1519636
    334    H  0.8844454  0.0116691  0.0000000  0.0000000  0.8961145
    335    C  3.0491573  2.5262422  0.0648305  0.0000000  5.6402299
    336    O  3.9193935  4.5916067 -0.0046454  0.0000000  8.5063547
    337    N  3.5646434  3.9105685 -0.0017789  0.0000000  7.4734330
    338    H  0.6107534  0.0239875  0.0000000  0.0000000  0.6347409
    339    C  3.2191028  2.8052475  0.0309446  0.0000000  6.0552949
    340    H  0.7961700  0.0132588  0.0000000  0.0000000  0.8094287
    341    C  3.1887706  2.6441476  0.0417904  0.0000000  5.8747086
    342    H  0.8730185  0.0114343  0.0000000  0.0000000  0.8844528
    343    C  3.2739885  3.1289901  0.0020183  0.0000000  6.4049969
    344    H  0.8714825  0.0114403  0.0000000  0.0000000  0.8829228
    345    H  0.8475160  0.0118228  0.0000000  0.0000000  0.8593388
    346    H  0.8459247  0.0114477  0.0000000  0.0000000  0.8573725
    347    O  3.8870905  4.6481915 -0.0033199  0.0000000  8.5319621
    348    H  0.6474509  0.0390505  0.0000000  0.0000000  0.6865014
    349    C  3.0223665  2.3224510  0.0739543  0.0000000  5.4187719
    350    O  3.9266864  4.6302348 -0.0092438  0.0000000  8.5476774
    351    N  3.6191304  3.9094027 -0.0048420  0.0000000  7.5236911
    352    H  0.6478333  0.0257785  0.0000000  0.0000000  0.6736119
    353    C  3.2410911  2.7939860  0.0327235  0.0000000  6.0678006
    354    H  0.8374733  0.0102454  0.0000000  0.0000000  0.8477187
    355    C  3.2189140  2.9945551  0.0112418  0.0000000  6.2247109
    356    H  0.8629445  0.0128998  0.0000000  0.0000000  0.8758442
    357    H  0.8432748  0.0123039  0.0000000  0.0000000  0.8555786
    358    C  3.2839548  2.9491391  0.0082079  0.0000000  6.2413018
    359    H  0.8289752  0.0106831  0.0000000  0.0000000  0.8396583
    360    H  0.8307105  0.0125619  0.0000000  0.0000000  0.8432724
    361    C  3.2807224  2.9885306  0.0092351  0.0000000  6.2784880
    362    H  0.8587379  0.0108188  0.0000000  0.0000000  0.8695568
    363    H  0.8351298  0.0112503  0.0000000  0.0000000  0.8463802
    364    C  3.2670269  2.8994230  0.0244811  0.0000000  6.1909310
    365    H  0.7967257  0.0107555  0.0000000  0.0000000  0.8074812
    366    H  0.7659350  0.0104471  0.0000000  0.0000000  0.7763821
    367    N  3.5724226  3.9571906 -0.0043166  0.0000000  7.5252966
    368    H  0.5528756  0.0267661  0.0000000  0.0000000  0.5796417
    369    H  0.5697067  0.0255163  0.0000000  0.0000000  0.5952230
    370    H  0.5952279  0.0253450  0.0000000  0.0000000  0.6205728
    371    C  3.0344744  2.3468724  0.0686592  0.0000000  5.4500060
    372    O  3.9649937  4.5646950 -0.0095010  0.0000000  8.5201877
    373    N  3.6129959  3.8767715 -0.0020542  0.0000000  7.4877132
    374    H  0.6754744  0.0264601  0.0000000  0.0000000  0.7019345
    375    C  3.2647808  2.9267087  0.0208506  0.0000000  6.2123402
    376    H  0.8538810  0.0112916  0.0000000  0.0000000  0.8651725
    377    C  3.2768375  2.9337778  0.0088866  0.0000000  6.2195018
    378    H  0.8746190  0.0110230  0.0000000  0.0000000  0.8856420
    379    H  0.8765059  0.0110285  0.0000000  0.0000000  0.8875344
    380    C  3.2524308  2.8483768  0.0166549  0.0000000  6.1174625
    381    H  0.8651958  0.0108710  0.0000000  0.0000000  0.8760669
    382    C  3.2470747  3.0973455  0.0027094  0.0000000  6.3471296
    383    H  0.9329218  0.0122451  0.0000000  0.0000000  0.9451669
    384    H  0.8193655  0.0115575  0.0000000  0.0000000  0.8309230
    385    H  0.8759707  0.0121982  0.0000000  0.0000000  0.8881689
    386    C  3.2726647  3.0927595  0.0023189  0.0000000  6.3677430
    387    H  0.8648163  0.0119707  0.0000000  0.0000000  0.8767871
    388    H  0.8912382  0.0121289  0.0000000  0.0000000  0.9033671
    389    H  0.8684578  0.0116544  0.0000000  0.0000000  0.8801121
    390    C  3.0667379  2.5030243  0.0645872  0.0000000  5.6343493
    391    O  3.9085280  4.6420728 -0.0069043  0.0000000  8.5436966
    392    N  3.5701955  3.9131169 -0.0038180  0.0000000  7.4794944
    393    H  0.6086545  0.0256565  0.0000000  0.0000000  0.6343110
    394    C  3.2416288  2.7970038  0.0307266  0.0000000  6.0693593
    395    H  0.8189648  0.0114763  0.0000000  0.0000000  0.8304411
    396    C  3.2505449  2.9831027  0.0100106  0.0000000  6.2436583
    397    H  0.8637790  0.0118134  0.0000000  0.0000000  0.8755924
    398    H  0.8035991  0.0130279  0.0000000  0.0000000  0.8166271
    399    C  3.2651087  3.0161904  0.0094260  0.0000000  6.2907251
    400    H  0.8373283  0.0124928  0.0000000  0.0000000  0.8498211
    401    H  0.8209362  0.0128528  0.0000000  0.0000000  0.8337890
    402    C  3.0335079  2.3736193  0.0750363  0.0000000  5.4821634
    403    O  3.8971460  4.6870259 -0.0082901  0.0000000  8.5758818
    404    N  3.6262146  3.9887386 -0.0169300  0.0000000  7.5980232
    405    H  0.6858083  0.0287246  0.0000000  0.0000000  0.7145329
    406    H  0.6573456  0.0268424  0.0000000  0.0000000  0.6841880
    407    C  3.0274521  2.3639082  0.0725677  0.0000000  5.4639279
    408    O  3.9361444  4.6113237 -0.0093423  0.0000000  8.5381258
    409    N  3.5934946  3.9016601 -0.0041774  0.0000000  7.4909773
    410    H  0.6065470  0.0254857  0.0000000  0.0000000  0.6320328
    411    C  3.2393103  2.8181957  0.0315837  0.0000000  6.0890896
    412    H  0.8388291  0.0119045  0.0000000  0.0000000  0.8507336
    413    C  3.2882945  2.9711948  0.0101148  0.0000000  6.2696041
    414    H  0.8329625  0.0116917  0.0000000  0.0000000  0.8446542
    415    H  0.8339932  0.0110938  0.0000000  0.0000000  0.8450871
    416    C  3.1678891  2.7447372  0.0112875  0.0000000  5.9239138
    417    C  3.3078233  2.9838541  0.0030580  0.0000000  6.2947354
    418    H  0.8326850  0.0118063  0.0000000  0.0000000  0.8444913
    419    C  3.1956382  2.8829775  0.0034951  0.0000000  6.0821107
    420    H  0.8729284  0.0128018  0.0000000  0.0000000  0.8857302
    421    C  3.1257705  2.5618043  0.0388338  0.0000000  5.7264086
    422    O  3.8667347  4.6843465  0.0005847  0.0000000  8.5516659
    423    H  0.5923684  0.0425037  0.0000000  0.0000000  0.6348721
    424    C  3.2098988  2.9469390  0.0042081  0.0000000  6.1610459
    425    H  0.8468216  0.0124262  0.0000000  0.0000000  0.8592479
    426    C  3.2134928  2.9010830  0.0062337  0.0000000  6.1208096
    427    H  0.8665706  0.0121626  0.0000000  0.0000000  0.8787333
    428    C  3.0016579  2.3524322  0.0724012  0.0000000  5.4264913
    429    O  3.9718412  4.5725368 -0.0116336  0.0000000  8.5327445
    430    N  3.6037180  3.9044262 -0.0058360  0.0000000  7.5023082
    431    H  0.6561446  0.0279670  0.0000000  0.0000000  0.6841115
    432    C  3.2313305  2.8223204  0.0315562  0.0000000  6.0852071
    433    H  0.8002928  0.0129677  0.0000000  0.0000000  0.8132605
    434    C  3.2490169  2.9509471  0.0106017  0.0000000  6.2105657
    435    H  0.8248660  0.0122733  0.0000000  0.0000000  0.8371392
    436    H  0.8763228  0.0110773  0.0000000  0.0000000  0.8874001
    437    C  3.2833465  3.0327552  0.0099693  0.0000000  6.3260710
    438    H  0.8286429  0.0120935  0.0000000  0.0000000  0.8407363
    439    H  0.8585817  0.0118833  0.0000000  0.0000000  0.8704650
    440    C  2.9957043  2.3741169  0.0982062  0.0000000  5.4680274
    441    O  3.9547529  4.6286489 -0.0126626  0.0000000  8.5707392
    442    O  3.9095849  4.6862257 -0.0125808  0.0000000  8.5832298
    443    C  3.0144182  2.3033535  0.0701938  0.0000000  5.3879655
    444    O  3.9315156  4.7017835 -0.0122558  0.0000000  8.6210434
    445    N  3.6095747  3.9081845 -0.0036226  0.0000000  7.5141366
    446    H  0.6480592  0.0239274  0.0000000  0.0000000  0.6719865
    447    C  3.2207245  2.8233202  0.0335048  0.0000000  6.0775494
    448    H  0.8242140  0.0111815  0.0000000  0.0000000  0.8353954
    449    C  3.2791162  2.9468139  0.0086226  0.0000000  6.2345528
    450    H  0.8453071  0.0106540  0.0000000  0.0000000  0.8559611
    451    H  0.8709377  0.0110126  0.0000000  0.0000000  0.8819503
    452    C  3.2802348  2.9387313  0.0071511  0.0000000  6.2261172
    453    H  0.8208480  0.0119180  0.0000000  0.0000000  0.8327660
    454    H  0.8318916  0.0120701  0.0000000  0.0000000  0.8439617
    455    C  3.2612703  2.8727874  0.0223015  0.0000000  6.1563592
    456    H  0.8363072  0.0112300  0.0000000  0.0000000  0.8475371
    457    H  0.8084186  0.0114620  0.0000000  0.0000000  0.8198806
    458    N  3.5885776  3.9277266 -0.0011265  0.0000000  7.5151776
    459    H  0.6528847  0.0275142  0.0000000  0.0000000  0.6803989
    460    C  2.8619162  2.3091057  0.0765000  0.0000000  5.2475219
    461    N  3.6114689  4.0326185 -0.0121543  0.0000000  7.6319331
    462    H  0.6012221  0.0270610  0.0000000  0.0000000  0.6282831
    463    H  0.6102148  0.0257717  0.0000000  0.0000000  0.6359865
    464    N  3.6174028  4.0705683 -0.0098214  0.0000000  7.6781496
    465    H  0.6018764  0.0257678  0.0000000  0.0000000  0.6276442
    466    H  0.6413721  0.0228015  0.0000000  0.0000000  0.6641736
    467    C  2.9942502  2.3808764  0.0757370  0.0000000  5.4508636
    468    O  3.9536832  4.5792748 -0.0096479  0.0000000  8.5233102
    469    N  3.5996276  3.9053299 -0.0027975  0.0000000  7.5021600
    470    H  0.6135787  0.0252475  0.0000000  0.0000000  0.6388262
    471    C  3.2511754  2.9004774  0.0247820  0.0000000  6.1764348
    472    H  0.8457606  0.0112989  0.0000000  0.0000000  0.8570595
    473    C  3.2500094  3.0427073  0.0106903  0.0000000  6.3034070
    474    H  0.8804926  0.0122040  0.0000000  0.0000000  0.8926966
    475    H  0.8473807  0.0117384  0.0000000  0.0000000  0.8591191
    476    C  3.0089740  2.4176133  0.0816291  0.0000000  5.5082164
    477    O  3.9181993  4.5949517 -0.0072253  0.0000000  8.5059258
    478    N  3.6016354  4.0104868 -0.0159800  0.0000000  7.5961421
    479    H  0.6631568  0.0269333  0.0000000  0.0000000  0.6900901
    480    H  0.6466295  0.0277459  0.0000000  0.0000000  0.6743754
    481    H  0.9291068  0.0118377  0.0000000  0.0000000  0.9409445
    482    H  0.8918443  0.0113994  0.0000000  0.0000000  0.9032437
    483    H  0.6235805  0.0129135  0.0000000  0.0000000  0.6364940
    484    H  0.9299291  0.0118162  0.0000000  0.0000000  0.9417454
    485    H  0.8731787  0.0109204  0.0000000  0.0000000  0.8840991
    486    H  0.6047538  0.0133478  0.0000000  0.0000000  0.6181016
    487    H  0.9104657  0.0115626  0.0000000  0.0000000  0.9220284
    488    H  0.9387156  0.0113991  0.0000000  0.0000000  0.9501147
    489    H  1.0149509  0.0116997  0.0000000  0.0000000  1.0266507
    490    H  0.9134974  0.0117613  0.0000000  0.0000000  0.9252587
    491    H  0.8795115  0.0111458  0.0000000  0.0000000  0.8906572
    492    H  0.6027722  0.0127080  0.0000000  0.0000000  0.6154802
    493    H  0.9594795  0.0115439  0.0000000  0.0000000  0.9710234
    494    H  0.9016257  0.0114513  0.0000000  0.0000000  0.9130770
    495    H  0.9243907  0.0115748  0.0000000  0.0000000  0.9359655
    496    H  0.9007936  0.0111421  0.0000000  0.0000000  0.9119357
    497    H  0.6105206  0.0130675  0.0000000  0.0000000  0.6235881
    498    H  0.8540665  0.0111371  0.0000000  0.0000000  0.8652036
    499    H  0.6116321  0.0128719  0.0000000  0.0000000  0.6245041
------------ ---------- ---------- ---------- ---------- ----------
  Total                                                   1856.0000000
